DATE	A067RL1A156NBEA	A067RX1A020NBEA	A191RI1A225NBEA	A191RL1A225NBEA	A191RP1A027NBEA	ACOILBRENTEU	ACOILWTICO	AEXCHUS	AEXJPUS	AEXUSEU	CPALTT01USA657N	CPALTT01USA659N	CPALTT01USA661S	DDDM01USA156NWDB	DPCCRG3A086NBEA	DPCERG3A086NBEA	DPCERL1A225NBEA	FPCPITOTLZGUSA	FYFSGDA188S	GDPA	GDPCA	GPDIA	LEU0252881600A	LFWA64TTUSA647N	LFWA64TTUSA647S	MEHOINUSA672N	MEPAINUSA672N	NCBDBIA027N	PCECA	PCECCA	TWEXBANL	TWEXMANL	USHOWN
1929-01-01		842.991													10.089	9.915			0.70199	104.560	1056.555	17.168							77.384	780.977			
1930-01-01	-6.3	789.714	-3.6	-8.5	-11.9										9.715	9.495	-5.4		0.80072	92.167	966.654	11.428							70.136	739.142			
1931-01-01	-3.4	762.882	-10.3	-6.4	-16.0										8.904	8.478	-3.1		-0.59685	77.406	904.836	6.549							60.671	716.055			
1932-01-01	-13.1	662.955	-11.7	-12.9	-23.1										7.926	7.477	-9		-4.59417	59.532	788.205	1.818							48.712	651.949			
1933-01-01	-2.9	643.797	-2.8	-1.3	-4										7.544	7.211	-2.2		-4.55174	57.165	778.281	2.273							45.944	637.569			
1934-01-01	9.6	705.708	5.5	10.8	16.9										7.721	7.538	7.1		-5.36730	66.812	862.206	4.296							51.460	683.117			
1935-01-01	9.7	774.310	2.1	8.9	11.1										7.805	7.724	6.1		-3.77463	74.259	939.014	7.370							55.931	724.580			
1936-01-01	12.6	871.861	1.2	12.9	14.3										7.893	7.795	10.2		-5.07224	84.854	1060.497	9.391							62.187	798.292			
1937-01-01	3.4	901.375	4.3	5.1	9.6										8.218	8.079	3.7		-2.35733	93.029	1114.566	12.964							66.839	827.816			
1938-01-01	-5.5	852.015	-2.9	-3.3	-6.1										8.181	7.895	-1.6		-0.10185	87.387	1077.658	7.943							64.268	814.586			
1939-01-01	8.4	923.202	-0.9	8.0	7.0										8.119	7.819	5.6		-3.04473	93.473	1163.620	10.228							67.209	860.149			
1940-01-01	6.8	986.218	1.2	8.8	10.1										8.202	7.885	5.2		-2.83644	102.946	1266.115	14.577							71.290	904.694			
1941-01-01	15.8	1141.697	6.8	17.7	25.7										8.626	8.375	7.1		-3.81969	129.356	1490.250	19.370							81.071	968.638			
1942-01-01	13.4	1294.358	7.9	18.9	28.3										9.573	9.418	-2.4		-12.35143	165.997	1771.770	11.763							89.004	945.657			
1943-01-01	4.8	1356.684	4.5	17	22.4										10.316	10.284	2.8		-26.85775	203.122	2073.742	7.400							99.900	972.021			
1944-01-01	3.1	1399.025	2.4	8.0	10.5										11.050	10.875	2.8		-21.17880	224.550	2239.390	9.180							108.648	999.667			
1945-01-01	-1.1	1383.137	2.6	-1	1.6										11.559	11.310	6.2		-20.84077	228.173	2217.790	12.400						24000	119.979	1061.484			
1946-01-01	-1.1	1368.553	12.9	-11.6	-0.2										12.278	12.098	12.4		-6.99524	227.812	1960.925	33.129						24995	144.303	1193.550			
1947-01-01	-4.1	1312.902	10.9	-1.1	9.7										13.327	13.324	1.9		1.60755	249.945	1939.443	37.130						27843	161.979	1216.414			
1948-01-01	5.3	1382.061	5.6	4.1	9.9										14.062	14.078	2.3		4.29247	274.807	2019.967	50.345						32137	175.010	1243.887			
1949-01-01	0.8	1393.345	-0.2	-0.5	-0.7										14.083	13.969	2.8		0.21259	272.827	2008.940	39.095						35036	178.472	1278.454			
1950-01-01	9.2	1521.852	1.2	8.7	10										14.287	14.136	6.4		-1.03898	300.198	2183.987	56.532						36705	192.192	1360.469			
1951-01-01	3.4	1573.332	7.1	8.1	15.7										15.161	15.098	1.6		1.75701	347.294	2359.993	62.753						40061	208.485	1381.714			
1952-01-01	3.5	1627.809	1.7	4.1	5.9										15.463	15.408	3.2		-0.41308	367.728	2456.103	57.267						44828	219.471	1425.313			
1953-01-01	4.9	1706.870	1.2	4.7	6.0										15.802	15.613	4.8		-1.66599	389.739	2571.384	60.415						48414	233.012	1493.338			
1954-01-01	1.4	1731.266	0.9	-0.6	0.4										15.974	15.746	2.1		-0.29503	391.146	2556.850	58.068						52078	239.924	1524.714			
1955-01-01	6.7	1846.471	1.7	7.1	9.0										16.133	15.809	7.4		-0.70229	426.175	2739.027	73.760						54926	258.679	1637.264			
1956-01-01	4.8	1934.847	3.4	2.1	5.6								12.4662452143300		16.510	16.126	2.9		0.87686	450.130	2797.432	77.682						58418	271.569	1685.098			
1957-01-01	2.6	1984.944	3.3	2.1	5.5								.		17.009	16.616	2.5		0.71854	474.851	2856.269	76.505						64494	286.735	1726.758			
1958-01-01	1.1	2005.919	2.3	-0.7	1.5								.		17.374	17.007	0.9		-0.57443	482.045	2835.335	70.949						70373	296.027	1741.699			
1959-01-01	4.3	2092.076	1.4	6.9	8.4								13.3681562721417		17.762	17.262	5.7		-2.45937	522.451	3030.971	85.666						73109	317.508	1840.467			
1960-01-01	2.6	2146.929	1.4	2.6	4.0						1.457975986277890	1.457975986277890	13.5630607803976		18.079	17.546	2.7	1.509929427	0.05540	543.283	3108.707	86.477		101908250.000000	101908250.000000			76985	331.578	1890.951			
1961-01-01	3.5	2222.654	1.1	2.6	3.7						1.070724147647180	1.070724147647180	13.7082837473334		18.306	17.730	2.1	1.075181891	-0.59204	563.303	3188.123	86.579		103084250.000000	103084250.000000			81705	341.966	1929.948			
1962-01-01	4.8	2328.938	1.2	6.1	7.4						1.198773348201850	1.198773348201850	13.8726149993923		18.556	17.939	4.9	1.116071429	-1.18093	605.115	3383.085	96.976		103598750.000000	103598750.000000			85841	363.108	2025.399			
1963-01-01	3.8	2416.535	1.1	4.4	5.5						1.239669421487610	1.239669421487610	14.0445895655005		18.796	18.148	4.1	1.214128036	-0.74478	638.582	3530.412	103.281		105470416.666667	105470416.666667			89382	382.482	2108.843			
1964-01-01	7.1	2588.094	1.5	5.8	7.4						1.278911564625880	1.278911564625880	14.2242074456579		19.084	18.414	6.0	1.308615049	-0.86251	685.786	3734.043	112.153		107333750.000000	107333750.000000			93533	411.193	2234.399			
1965-01-01	6.2	2748.851	1.8	6.5	8.4						1.585169263836620	1.585169263836620	14.4496852101109		19.325	18.681	6.3	1.668460710	-0.18972	743.728	3976.660	129.643		109079916.666667	109079916.666667			98057	443.582	2376.030			
1966-01-01	5.3	2895.022	2.8	6.6	9.6						3.015075376884440	3.015075376884440	14.8853541109182		19.762	19.155	5.7	2.991000529	-0.45372	815.039	4238.931	144.186		110341333.333333	110341333.333333			109096	480.597	2510.587			
1967-01-01	4.3	3020.571	2.9	2.7	5.7						2.772785622593080	2.772785622593080	15.2980930695778		20.367	19.637	3.0	2.775636083	-1.00298	861.731	4355.242	142.699		111843583.333333	111843583.333333			125166	507.412	2585.556			
1968-01-01	4.5	3157.369	4.3	4.9	9.4						4.271796152885330	4.271796152885330	15.9515964207889		21.240	20.402	5.7	4.217721097	-2.66966	942.480	4569.047	156.922		113688166.666667	113688166.666667			139274	557.449	2734.027			
1969-01-01	3.4	3264.449	4.9	3.1	8.2						5.462386200287500	5.462386200287500	16.8229342224036		22.238	21.326	3.7	5.414700472	0.31788	1019.878	4712.483	173.560		115676250.000000	115676250.000000			152356	604.486	2836.243			
1970-01-01	4.6	3413.240	5.3	0.2	5.5						5.838255338482520	5.838255338482520	17.8051000777325		23.281	22.325	2.4	5.895295903	-0.26415	1075.884	4722.012	170.050		118077500.000000	118077500.000000			173889	647.688	2903.032			
1971-01-01	4.6	3570.368	5.1	3.3	8.5				347.7857		4.292766688130510	4.292766688130510	18.5694314826577		24.377	23.274	3.8	4.255928924	-1.97239	1167.770	4877.625	196.827		120809750.000000	120809750.000000			191896	700.990	3013.823			
1972-01-01	4.8	3741.152	4.3	5.2	9.8				303.1250		3.272278246552750	3.272278246552750	19.1770749495732		25.165	24.070	6.1	3.305614735	-1.82253	1282.449	5134.347	228.145		124102166.666667	124102166.666667			205352	769.431	3198.665			
1973-01-01	6.1	3968.594	5.4	5.6	11.4				271.3055		6.177760063770460	6.177760063770460	20.3617886272073		26.126	25.368	5.0	6.220063864	-1.04358	1428.549	5424.084	266.930		126708083.333333	126708083.333333			217721	851.143	3357.236	31.7046	100.1730	
1974-01-01	-1.1	3923.596	9.0	-0.5	8.4				291.8446		11.054804804804800	11.054804804804800	22.6127446147120		28.196	28.009	-0.8	11.035260220	-0.39611	1548.825	5396.034	274.527		129175750.000000	129175750.000000		23426	243170	931.999	3329.542	32.5817	102.0250	
1975-01-01	2.5	4020.036	9.3	-0.2	9.0				296.7849		9.143146864965370	9.143146864965370	24.6802610650347	40.40	30.558	30.348	2.3	9.131930735	-3.15242	1688.923	5385.367	257.253		131627083.333333	131627083.333333		22982	270077	1032.755	3405.113	33.6764	102.3914	
1976-01-01	3.1	4143.969	5.5	5.4	11.2				296.4544		5.744812635490880	5.744812635490880	26.0980958211709	42.22	32.415	32.013	5.6	5.737027083	-3.92696	1877.587	5675.427	323.222		134066333.333333	134066333.333333		23028	296826	1150.172	3595.025	35.8258	106.4387	
1977-01-01	3.2	4274.833	6.2	4.6	11.1				268.6194		6.501683994728350	6.501683994728350	27.7949115401048	41.55	34.495	34.091	4.2	6.486460064	-2.57240	2085.951	5936.985	396.612		136436166.666667	136436166.666667		23202	329676	1276.673	3746.495	36.8760	106.1035	
1978-01-01	4.6	4470.482	7.0	5.6	13				210.3854		7.630963838856070	7.630963838856070	29.9159311887723	36.20	36.802	36.479	4.4	7.647463851	-2.51149	2356.571	6267.181	478.377		138744416.666667	138744416.666667		23010	361147	1426.173	3911.245	35.0935	97.1267	
1979-01-01	2.0	4557.844	8.3	3.2	11.7				219.0168		11.254471129279500	11.254471129279500	33.2828110274678	35.40	39.479	39.714	2.4	11.266044090	-1.54726	2632.143	6466.208	539.656	332	141097416.666667	141097416.666667		22378	397461	1589.496	4004.127	35.3584	95.5940	
1980-01-01	0.7	4590.532	9.0	-0.2	8.8				226.6309		13.549201974968400	13.549201974968400	37.7923663165264	41.32	43.093	43.978	-0.3	13.509370330	-2.57921	2862.505	6450.392	530.098	318	143395250.000000	143395250.000000		22038	439488	1754.616	3991.492	36.3533	95.3500	
1981-01-01	2.5	4705.580	9.3	2.6	12.2			1.7100	220.6281		10.334715340277100	10.334715340277100	41.6980997956942	41.35	46.857	47.908	1.5	10.315533980	-2.45933	3210.956	6617.745	631.230	312	145279916.666667	145279916.666667		21627	492376	1937.512	4050.776	40.3438	104.7580	
1982-01-01	2.1	4803.346	6.2	-1.9	4.2			1.8979	249.0601		6.131427000274950	6.131427000274950	44.2547883451690	40.93	49.881	50.553	1.4	6.160616062	-3.82593	3344.991	6491.287	581.031	313	146883750.000000	146883750.000000		21856	533077	2073.913	4108.367	46.8334	115.7518	
1983-01-01	3.5	4971.029	3.9	4.6	8.8			1.9810	237.5535		3.212435233160610	3.212435233160610	45.6764447583299	44.88	52.466	52.729	5.7	3.212435233	-5.71177	3638.137	6791.993	637.516	314	148323083.333333	148323083.333333		22284	567652	2286.519	4342.578	52.8066	120.4553	
1984-01-01	6.9	5314.034	3.5	7.3	11.1			2.3303	237.4622		4.300535475234280	4.300535475234280	47.6407764689876	42.50	54.645	54.724	5.3	4.317269076	-4.58751	4040.693	7285.030	820.093	314	149949750.000000	149949750.000000	49335	22928	657987	2498.155	4571.579	60.1103	128.6851	64.5
1985-01-01	3.1	5476.151	3.2	4.2	7.6			2.9434	238.4673		3.545644152093690	3.545644152093690	49.3299488738723	44.87	56.898	56.661	5.3	3.561116458	-4.88431	4346.734	7593.823	829.649	320	151208083.333333	151208083.333333	50258	23424	777480	2722.674	4811.934	67.1556	133.5541	63.9
1986-01-01	3.9	5687.786	2.0	3.5	5.6		15.05	3.4616	168.3496		1.898047722342750	1.898047722342750	50.2662548449057	52.56	58.850	57.887	4.2	1.858736059	-4.81960	4590.155	7860.489	849.144	327	153090250.000000	153090250.000000	52068	24147	885353	2898.411	5014.021	62.3487	109.7721	63.8
1987-01-01	2.2	5811.019	2.6	3.5	6.1	18.53	19.20	3.7314	144.6023		3.664563217516900	3.664563217516900	52.1082935307754	52.38	60.719	59.650	3.4	3.740875912	-3.07440	4870.217	8132.599	892.177	329	154644333.333333	154644333.333333	52690	24470	974107	3092.050	5183.626	60.4249	97.1558	64.0
1988-01-01	4.7	6083.857	3.5	4.2	7.9	14.91	15.97	3.7314	128.1742		4.077741107444090	4.077741107444090	54.2331348364675	50.67	63.290	61.974	4.2	4.009088244	-2.95429	5252.629	8474.492	936.964	326	156000750.000000	156000750.000000	53124	25240	1089317	3346.889	5400.455	60.9219	90.4271	63.8
1989-01-01	3.0	6268.684	3.9	3.7	7.7	18.23	19.64	3.7673	138.0738		4.827003030089480	4.827003030089480	56.8509698983363	54.66	65.869	64.641	2.9	4.827003030	-2.69790	5657.693	8786.397	999.701	322	157221333.333333	157221333.333333	54042	25905	1183681	3592.814	5558.068	66.9045	94.2936	63.9
1990-01-01	2.0	6393.468	3.7	1.9	5.7	23.76	24.53	4.7921	144.9987		5.397956439903200	5.397956439903200	59.9197604891109	54.56	68.492	67.440	2.1	5.397956440	-3.69651	5979.589	8955.041	993.453	315	159917250.000000	159917250.000000	53350	25626	1240172	3825.630	5672.646	71.4097	89.9118	63.9
1991-01-01	0.7	6438.421	3.3	-0.1	3.3	20.04	21.54	5.3337	134.5909		4.234963964538570	4.234963964538570	62.4573407534626	58.77	70.886	69.652	0.2	4.234963965	-4.36081	6174.043	8948.406	944.344	313	161224666.666667	161224666.666667	51791	25251	1299396	3960.151	5685.604	74.3477	88.5887	64.1
1992-01-01	4.3	6714.195	2.3	3.6	5.9	19.32	20.58	5.5206	126.7801		3.028819678149640	3.028819678149640	64.3490609806524	66.73	73.021	71.494	3.7	3.028819678	-4.43963	6539.299	9266.558	1013.014	314	162626583.333333	162626583.333333	51390	24997	1379895	4215.654	5896.535	76.9144	86.9986	64.1
1993-01-01	1.6	6823.558	2.4	2.7	5.2	17.01	18.43	5.7795	111.0755		2.951656966385570	2.951656966385570	66.2484245218916	71.46	75.008	73.279	3.5	2.951656966	-3.70783	6878.718	9521.004	1106.829	317	164203666.666667	164203666.666667	51116	25242	1580574	4471.002	6101.371	83.7836	89.9002	64.0
1994-01-01	2.7	7010.696	2.1	4.0	6.3	15.86	17.20	8.6397	102.1790		2.607441592154600	2.607441592154600	67.9758134970225	71.32	76.680	74.803	3.9	2.607441592	-2.78004	7308.755	9905.428	1256.483	315	165801750.000000	165801750.000000	51710	25552	1699387	4741.018	6338.017	90.8738	88.4258	64.0
1995-01-01	3.4	7245.752	2.1	2.7	4.9	17.02	18.43	8.3700	93.9649		2.805419688536580	2.805419688536580	69.8828203523109	79.14	78.324	76.356	3.0	2.805419689	-2.13923	7664.060	10174.755	1317.478	314	167136500.000000	167136500.000000	53330	26253	1786410	4984.178	6527.582	92.6528	83.4143	64.7
1996-01-01	3.2	7476.108	1.8	3.8	5.7	20.64	22.12	8.3389	108.7800		2.931204199934360	2.931204199934360	71.9312285175104	95.62	79.801	77.981	3.5	2.931204200	-1.32628	8100.201	10560.976	1432.057	313	168839250.000000	168839250.000000	54105	26810	1876486	5268.071	6755.608	97.4570	87.2463	65.4
1997-01-01	3.7	7751.267	1.7	4.5	6.3	19.11	20.61	8.3193	121.0581		2.337689937307420	2.337689937307420	73.6127576083459	112.10	81.196	79.327	3.8	2.337689937	-0.25421	8608.515	11034.850	1595.606	314	171144083.333333	171144083.333333	55218	27987	2021290	5560.720	7009.883	104.4293	93.9341	65.7
1998-01-01	5.9	8208.147	1.1	4.5	5.6	12.76	14.42	8.3008	130.9892		1.552279098743610	1.552279098743610	74.7554330587090	130.58	82.200	79.936	5.3	1.552279099	0.76212	9089.168	11525.891	1735.330	321	172982666.666667	172982666.666667	57248	29375	2258644	5903.033	7384.729	115.8881	98.4502	66.3
1999-01-01	3.3	8477.742	1.5	4.7	6.3	17.90	19.34	8.2783	113.7342	1.0653	2.188027196973600	2.188027196973600	76.3911022652490	143.67	83.291	81.110	5.3	2.188027197	1.30023	9660.624	12065.902	1884.195	329	175269083.333333	175269083.333333	58665	29673	2507741	6307.022	7775.909	116.1551	97.0442	66.8
2000-01-01	5.0	8902.220	2.3	4.1	6.5	28.66	30.38	8.2784	107.8040	0.9232	3.376857271499310	3.376857271499310	78.9707207568715	146.19	84.747	83.131	5.1	3.376857271	2.29700	10284.779	12559.660	2033.750	334	179110250.000000	179110250.000000	58544	29998	2708374	6792.396	8170.682	119.5274	101.7613	67.4
2001-01-01	2.8	9148.722	2.3	1.0	3.3	24.46	25.98	8.2770	121.5680	0.8952	2.826171118854040	2.826171118854040	81.2025684592531	138.33	86.281	84.736	2.6	2.826171119	1.20729	10621.824	12682.240	1928.638	336	181420666.666667	181420666.666667	57246	29734	2901699	7103.104	8382.636	126.0345	107.8505	67.8
2002-01-01	3.1	9431.590	1.5	1.8	3.3	24.99	26.18	8.2771	125.2204	0.9454	1.586031626506030	1.586031626506030	82.4904668765520	114.90	87.750	85.873	2.6	1.586031627	-1.43710	10977.514	12908.761	1924.988	338	183761750.000000	183761750.000000	56599	29519	2923330	7384.053	8598.775	126.7720	106.1523	67.9
2003-01-01	2.7	9690.067	2.0	2.8	4.9	28.85	31.08	8.2772	115.9387	1.1321	2.270094973361160	2.270094973361160	84.3630788186188	110.69	89.047	87.572	3.1	2.270094973	-3.28030	11510.670	13271.081	2027.947	337	186914416.666667	186914416.666667	56528	29586	2963212	7765.529	8867.559	119.2156	93.1272	68.3
2004-01-01	3.6	10035.655	2.7	3.8	6.6	38.26	41.51	8.2768	108.1508	1.2438	2.677236693091710	2.677236693091710	86.6216781201728	125.55	90.751	89.703	3.8	2.677236693	-3.36236	12274.928	13773.490	2276.678	338	188748083.333333	188748083.333333	56332	29496	3004381	8260.018	9208.180	113.7122	85.4865	69.0
2005-01-01	1.5	10189.364	3.2	3.3	6.7	54.57	56.64	8.1936	110.1069	1.2449	3.392746845495480	3.392746845495480	89.5605323721102	128.39	92.711	92.261	3.5	3.392746845	-2.43129	13093.726	14234.243	2527.109	333	191014166.666667	191014166.666667	56935	29895	2998362	8794.112	9531.811	110.7896	83.8763	68.9
2006-01-01	4.0	10595.366	3.1	2.7	5.8	65.16	66.05	7.9723	116.3121	1.2563	3.225944100704070	3.225944100704070	92.4497050827274	133.39	94.786	94.729	3.0	3.225944101	-1.79116	13855.888	14613.817	2680.649	333	193201416.666667	193201416.666667	57379	30707	3148161	9303.992	9821.691	108.6631	82.6037	68.8
2007-01-01	2.1	10820.563	2.7	1.8	4.5	72.44	72.34	7.6058	117.7623	1.3711	2.852672481501380	2.852672481501380	95.0869923788516	137.36	96.832	97.102	2.2	2.852672482	-1.10999	14477.635	14873.734	2643.745	335	195639000.000000	195639000.000000	58149	30821	3348502	9750.505	10041.554	103.5296	77.9685	68.1
2008-01-01	1.5	10987.280	2.0	-0.3	1.7	96.94	99.67	6.9477	103.3906	1.4726	3.839100296650980	3.839100296650980	98.7374773853445	109.70	98.827	100.065	-0.3	3.839100297	-3.11547	14718.582	14830.359	2424.810	335	196626583.333333	196626583.333333	56076	29556	3538454	10013.648	10007.182	99.8153	74.4655	67.8
2009-01-01	-0.4	10942.526	0.8	-2.8	-2	61.74	61.95	6.8307	93.6827	1.3935	-0.355546266299738	-0.355546266299738	98.3864199710624	92.96	100.000	100.000	-1.6	-0.355546266	-9.79758	14418.739	14418.738	1878.116	345	197803250.000000	197803250.000000	55683	29235	3714842	9846.968	9846.969	105.5873	77.6489	67.4
2010-01-01	1.0	11055.127	1.2	2.5	3.8	79.61	79.48	6.7696	87.7817	1.3261	1.640043442389890	1.640043442389890	100.0000000000000	108.32	101.286	101.653	1.9	1.640043442	-8.64970	14964.372	14783.809	2100.812	342	199123250.000000	199123250.000000	54245	28815	3951973	10202.191	10036.322	101.7769	75.3878	66.9
2011-01-01	2.5	11331.224	2.1	1.6	3.7	111.26	94.88	6.4630	79.6967	1.3931	3.156841568622050	3.156841568622050	103.1568415686220	107.38	102.800	104.149	2.3	3.156841569	-8.37482	15517.926	15020.565	2239.879	336	199888916.666667	199888916.666667	53401	28366	4156937	10689.299	10263.452	97.1061	70.8683	66.1
2012-01-01	3.2	11688.291	1.8	2.2	4.1	111.63	94.05	6.3093	79.8180	1.2859	2.069337265260600	2.069337265260600	105.2915045328670	107.03	104.741	106.121	1.5	2.069337265	-6.72818	16155.255	15354.627	2511.703	335	201415250.000000	201415250.000000	53331	28213	4507311	11050.627	10413.244	99.7779	73.5918	65.4
2013-01-01	-1.4	11527.588	1.6	1.7	3.3	108.56	97.98	6.1478	97.5971	1.3281	1.464832655627130	1.464832655627130	106.8338488748660	128.71	106.323	107.532	1.5	1.464832656	-4.07118	16691.517	15612.175	2706.296	333	202267583.333333	202267583.333333	55214	28518	4801536	11361.174	10565.396	100.9021	75.9224	65.1
2014-01-01	3.6	11939.290	1.8	2.6	4.4	98.97	93.17	6.1620	105.7398	1.3297	1.622222977408220	1.622222977408220	108.5669321189640	146.50	108.021	109.157	2.9	1.622222977	-2.78065	17427.609	16013.282	2916.402	334	202987250.000000	202987250.000000	54398	29154	5123730	11863.669	10868.396	104.0302	78.3449	64.5
2015-01-01	4.2	12435.954	1.1	2.9	4.0	52.32	48.66	6.2827	121.0491	1.1096	0.118627135552434	0.118627135552434	108.6957219606930	143.31	109.453	109.481	3.6	0.118627136	-2.41986	18120.714	16471.516	3093.580	341	204291750.000000	204291750.000000	57230	30622	5533535	12332.257	11264.268	117.0630	90.9802	63.7
2016-01-01	1.4	12608.219	1.3	1.5	2.8	43.64	43.29	6.6400	108.6569	1.1072	1.261583205705370	1.261583205705370	110.0670089342700		111.391	110.789	2.7	1.261583206	-3.13915	18624.475	16716.164	3057.226	347	205502750.000000	205502750.000000	59039	31099	5828682	12820.694	11572.124	122.4750	91.5071	63.4
2017-01-01	1.2	12764.996	1.8	2.3	4.1	54.13	50.80	6.7569	112.0986	1.1301	2.130110003659600	2.130110003659600	112.4115573023080		113.106	112.657	2.8		-3.43141	19390.605	17096.179	3212.828	351	205537500.000000	205537500.000000			6131825	13395.505	11890.700	122.1279	91.0794	63.9
