DATE	IC4WSA	ICNSA	ICSA
1967-01-07		346000	208000
1967-01-14		334000	207000
1967-01-21		277000	217000
1967-01-28	209000	252000	204000
1967-02-04	211000	274000	216000
1967-02-11	216500	276000	229000
1967-02-18	219500	247000	229000
1967-02-25	229000	248000	242000
1967-03-04	252500	326000	310000
1967-03-11	255500	240000	241000
1967-03-18	259500	225000	245000
1967-03-25	260750	215000	247000
1967-04-01	248000	223000	259000
1967-04-08	252000	251000	257000
1967-04-15	265500	289000	299000
1967-04-22	265000	218000	245000
1967-04-29	264000	216000	255000
1967-05-06	263250	221000	254000
1967-05-13	246250	188000	231000
1967-05-20	242500	177000	230000
1967-05-27	235750	170000	228000
1967-06-03	234250	175000	248000
1967-06-10	236000	188000	238000
1967-06-17	234500	176000	224000
1967-06-24	232000	178000	218000
1967-07-01	222250	206000	209000
1967-07-08	222750	322000	240000
1967-07-15	227000	309000	241000
1967-07-22	232500	282000	240000
1967-07-29	232500	243000	209000
1967-08-05	227750	250000	221000
1967-08-12	218000	193000	202000
1967-08-19	211750	174000	215000
1967-08-26	212750	160000	213000
1967-09-02	212000	163000	218000
1967-09-09	219250	156000	231000
1967-09-16	220500	165000	220000
1967-09-23	219500	155000	209000
1967-09-30	216000	154000	204000
1967-10-07	216000	195000	231000
1967-10-14	212500	159000	206000
1967-10-21	216000	181000	223000
1967-10-28	216750	174000	207000
1967-11-04	214500	204000	222000
1967-11-11	216500	201000	214000
1967-11-18	210250	209000	198000
1967-11-25	206250	200000	191000
1967-12-02	199750	228000	196000
1967-12-09	201500	258000	221000
1967-12-16	203000	241000	204000
1967-12-23	210000	289000	219000
1967-12-30	215000	332000	216000
1968-01-06	215250	357000	222000
1968-01-13	219750	373000	222000
1968-01-20	220250	293000	221000
1968-01-27	215750	242000	198000
1968-02-03	221250	308000	244000
1968-02-10	218250	257000	210000
1968-02-17	212000	214000	196000
1968-02-24	210750	199000	193000
1968-03-02	197250	198000	190000
1968-03-09	195750	208000	204000
1968-03-16	194250	179000	190000
1968-03-23	196000	175000	200000
1968-03-30	196500	165000	192000
1968-04-06	193250	184000	191000
1968-04-13	188500	167000	171000
1968-04-20	184250	165000	183000
1968-04-27	199000	216000	251000
1968-05-04	203500	180000	209000
1968-05-11	209250	164000	194000
1968-05-18	213250	156000	199000
1968-05-25	199000	148000	194000
1968-06-01	196500	139000	199000
1968-06-08	196000	149000	192000
1968-06-15	194750	154000	194000
1968-06-22	193500	152000	189000
1968-06-29	192250	173000	194000
1968-07-06	197750	266000	214000
1968-07-13	195750	242000	186000
1968-07-20	193500	216000	180000
1968-07-27	196250	238000	205000
1968-08-03	194250	235000	206000
1968-08-10	202250	222000	218000
1968-08-17	205250	160000	192000
1968-08-24	202250	148000	193000
1968-08-31	197750	139000	188000
1968-09-07	190500	135000	189000
1968-09-14	191250	141000	195000
1968-09-21	190750	142000	191000
1968-09-28	191000	143000	189000
1968-10-05	190000	153000	185000
1968-10-12	187750	151000	186000
1968-10-19	187750	151000	191000
1968-10-26	186000	152000	182000
1968-11-02	185000	161000	181000
1968-11-09	184250	174000	183000
1968-11-16	184500	196000	192000
1968-11-23	188750	211000	199000
1968-11-30	184000	180000	162000
1968-12-07	185250	223000	188000
1968-12-14	186000	233000	195000
1968-12-21	184250	243000	192000
1968-12-28	199500	333000	223000
1969-01-04	200000	290000	190000
1969-01-11	199000	337000	191000
1969-01-18	199000	265000	192000
1969-01-25	191500	236000	193000
1969-02-01	194750	250000	203000
1969-02-08	196250	248000	197000
1969-02-15	196250	219000	192000
1969-02-22	196000	199000	192000
1969-03-01	195500	206000	201000
1969-03-08	194000	195000	191000
1969-03-15	193250	179000	189000
1969-03-22	190500	158000	181000
1969-03-29	186000	157000	183000
1969-04-05	183750	170000	182000
1969-04-12	184000	187000	190000
1969-04-19	185500	168000	187000
1969-04-26	184000	151000	177000
1969-05-03	182750	150000	177000
1969-05-10	181000	157000	183000
1969-05-17	179000	141000	179000
1969-05-24	179750	138000	180000
1969-05-31	182250	135000	187000
1969-06-07	184500	148000	192000
1969-06-14	185250	145000	182000
1969-06-21	188000	155000	191000
1969-06-28	192000	177000	203000
1969-07-05	200750	267000	227000
1969-07-12	207750	271000	210000
1969-07-19	211500	246000	206000
1969-07-26	208750	221000	192000
1969-08-02	201000	223000	196000
1969-08-09	199250	210000	203000
1969-08-16	197500	168000	199000
1969-08-23	199250	154000	199000
1969-08-30	199000	144000	195000
1969-09-06	193750	133000	182000
1969-09-13	196250	149000	209000
1969-09-20	195250	147000	195000
1969-09-27	194750	147000	193000
1969-10-04	197500	159000	193000
1969-10-11	195250	168000	200000
1969-10-18	196250	155000	199000
1969-10-25	199250	171000	205000
1969-11-01	200500	174000	198000
1969-11-08	203250	206000	211000
1969-11-15	202750	196000	197000
1969-11-22	205750	230000	217000
1969-11-29	206750	219000	202000
1969-12-06	204500	247000	202000
1969-12-13	210750	264000	222000
1969-12-20	214500	289000	232000
1969-12-27	219750	320000	223000
1970-01-03	226750	344000	230000
1970-01-10	231750	429000	242000
1970-01-17	240750	386000	268000
1970-01-24	249000	316000	256000
1970-01-31	251250	293000	239000
1970-02-07	254750	324000	256000
1970-02-14	254000	308000	265000
1970-02-21	257750	285000	271000
1970-02-28	258500	241000	242000
1970-03-07	260000	270000	262000
1970-03-14	261500	258000	271000
1970-03-21	259750	233000	264000
1970-03-28	268250	236000	276000
1970-04-04	271000	250000	273000
1970-04-11	279500	300000	305000
1970-04-18	307000	339000	374000
1970-04-25	325250	299000	349000
1970-05-02	340500	278000	334000
1970-05-09	343750	279000	318000
1970-05-16	326000	242000	303000
1970-05-23	312750	231000	296000
1970-05-30	304500	224000	301000
1970-06-06	300250	234000	301000
1970-06-13	299000	242000	298000
1970-06-20	299000	245000	296000
1970-06-27	296500	247000	291000
1970-07-04	290500	309000	277000
1970-07-11	288000	369000	288000
1970-07-18	287500	353000	294000
1970-07-25	286500	329000	287000
1970-08-01	282500	293000	261000
1970-08-08	277000	278000	266000
1970-08-15	278500	257000	300000
1970-08-22	282500	238000	303000
1970-08-29	291500	220000	297000
1970-09-05	306000	240000	324000
1970-09-12	304000	207000	292000
1970-09-19	309500	247000	325000
1970-09-26	318500	256000	333000
1970-10-03	325000	284000	350000
1970-10-10	333750	287000	327000
1970-10-17	336000	259000	334000
1970-10-24	335250	280000	330000
1970-10-31	329500	283000	327000
1970-11-07	331750	333000	336000
1970-11-14	326750	307000	314000
1970-11-21	322750	333000	314000
1970-11-28	325250	354000	337000
1970-12-05	318250	378000	308000
1970-12-12	316250	370000	306000
1970-12-19	310000	354000	289000
1970-12-26	306000	451000	321000
1971-01-02	304750	443000	303000
1971-01-09	300250	500000	288000
1971-01-16	302750	452000	299000
1971-01-23	300500	399000	312000
1971-01-30	297750	353000	292000
1971-02-06	299750	375000	296000
1971-02-13	295500	333000	282000
1971-02-20	284500	286000	268000
1971-02-27	284000	289000	290000
1971-03-06	284250	306000	297000
1971-03-13	285500	275000	287000
1971-03-20	291250	260000	291000
1971-03-27	293750	261000	300000
1971-04-03	294250	267000	299000
1971-04-10	292250	278000	279000
1971-04-17	290500	257000	284000
1971-04-24	287500	248000	288000
1971-05-01	285250	237000	290000
1971-05-08	288750	260000	293000
1971-05-15	288750	230000	284000
1971-05-22	290500	231000	295000
1971-05-29	292750	231000	299000
1971-06-05	294750	232000	301000
1971-06-12	297500	244000	295000
1971-06-19	298500	249000	299000
1971-06-26	296500	247000	291000
1971-07-03	290500	288000	277000
1971-07-10	282750	335000	264000
1971-07-17	286250	367000	313000
1971-07-24	289500	342000	304000
1971-07-31	297250	340000	308000
1971-08-07	318500	362000	349000
1971-08-14	321500	282000	325000
1971-08-21	325500	252000	320000
1971-08-28	325250	228000	307000
1971-09-04	327750	268000	359000
1971-09-11	324500	219000	312000
1971-09-18	320000	230000	302000
1971-09-25	320250	236000	308000
1971-10-02	305250	238000	299000
1971-10-09	305500	280000	313000
1971-10-16	304750	233000	299000
1971-10-23	301250	251000	294000
1971-10-30	297250	241000	283000
1971-11-06	294250	297000	301000
1971-11-13	293250	289000	295000
1971-11-20	288250	291000	274000
1971-11-27	287000	284000	278000
1971-12-04	286500	372000	299000
1971-12-11	282750	348000	280000
1971-12-18	281500	329000	269000
1971-12-25	273000	340000	244000
1972-01-01	268000	405000	279000
1972-01-08	271750	479000	295000
1972-01-15	267000	395000	250000
1972-01-22	271750	347000	263000
1972-01-29	269250	326000	269000
1972-02-05	264500	342000	276000
1972-02-12	268500	318000	266000
1972-02-19	267250	279000	258000
1972-02-26	263500	252000	254000
1972-03-04	258750	263000	257000
1972-03-11	258250	257000	264000
1972-03-18	260250	241000	266000
1972-03-25	262750	231000	264000
1972-04-01	263000	224000	258000
1972-04-08	265500	271000	274000
1972-04-15	263750	237000	259000
1972-04-22	262500	223000	259000
1972-04-29	264250	214000	265000
1972-05-06	263500	234000	271000
1972-05-13	265250	218000	266000
1972-05-20	267250	210000	267000
1972-05-27	267750	209000	267000
1972-06-03	266000	198000	264000
1972-06-10	266500	224000	268000
1972-06-17	268500	227000	275000
1972-06-24	273250	240000	286000
1972-07-01	294750	327000	350000
1972-07-08	302000	364000	297000
1972-07-15	312750	367000	318000
1972-07-22	310250	299000	276000
1972-07-29	284500	266000	247000
1972-08-05	272750	256000	250000
1972-08-12	254750	220000	246000
1972-08-19	249750	203000	256000
1972-08-26	253500	195000	262000
1972-09-02	255500	192000	258000
1972-09-09	258750	178000	259000
1972-09-16	259250	196000	258000
1972-09-23	257500	193000	255000
1972-09-30	255750	192000	251000
1972-10-07	256750	233000	263000
1972-10-14	254750	202000	250000
1972-10-21	255250	214000	257000
1972-10-28	251000	196000	234000
1972-11-04	249000	242000	255000
1972-11-11	247000	236000	242000
1972-11-18	250500	280000	271000
1972-11-25	250750	238000	235000
1972-12-02	243500	268000	226000
1972-12-09	246000	317000	252000
1972-12-16	244000	323000	263000
1972-12-23	246750	327000	246000
1972-12-30	246500	338000	225000
1973-01-06	240000	345000	226000
1973-01-13	235500	412000	245000
1973-01-20	231250	324000	229000
1973-01-27	228500	267000	214000
1973-02-03	229000	285000	228000
1973-02-10	224250	276000	226000
1973-02-17	221000	242000	216000
1973-02-24	222000	220000	218000
1973-03-03	221250	233000	225000
1973-03-10	222000	227000	229000
1973-03-17	225000	212000	228000
1973-03-24	228500	209000	232000
1973-03-31	227750	193000	222000
1973-04-07	232250	244000	247000
1973-04-14	232750	212000	230000
1973-04-21	235500	211000	243000
1973-04-28	239000	194000	236000
1973-05-05	239250	214000	248000
1973-05-12	241250	198000	238000
1973-05-19	239750	189000	237000
1973-05-26	240250	190000	238000
1973-06-02	236250	173000	232000
1973-06-09	238250	210000	246000
1973-06-16	238250	198000	237000
1973-06-23	239250	206000	242000
1973-06-30	240500	215000	237000
1973-07-07	241000	309000	248000
1973-07-14	239750	270000	232000
1973-07-21	239500	259000	241000
1973-07-28	242750	265000	250000
1973-08-04	244750	262000	256000
1973-08-11	253000	238000	265000
1973-08-18	257250	207000	258000
1973-08-25	258250	190000	254000
1973-09-01	254750	180000	242000
1973-09-08	251500	177000	252000
1973-09-15	248250	186000	245000
1973-09-22	246250	187000	246000
1973-09-29	248000	191000	249000
1973-10-06	244000	210000	236000
1973-10-13	244250	207000	246000
1973-10-20	245000	208000	249000
1973-10-27	241500	200000	235000
1973-11-03	244000	230000	246000
1973-11-10	253000	277000	282000
1973-11-17	254250	261000	254000
1973-11-24	253750	237000	233000
1973-12-01	256250	299000	256000
1973-12-08	252250	345000	266000
1973-12-15	256750	340000	272000
1973-12-22	280000	429000	326000
1973-12-29	291000	461000	300000
1974-01-05	291750	405000	269000
1974-01-12	308750	584000	340000
1974-01-19	307500	465000	321000
1974-01-26	305250	373000	291000
1974-02-02	313500	381000	302000
1974-02-09	320750	459000	369000
1974-02-16	318250	352000	311000
1974-02-23	318500	296000	292000
1974-03-02	318250	313000	301000
1974-03-09	302250	310000	305000
1974-03-16	303250	293000	315000
1974-03-23	308750	285000	314000
1974-03-30	314250	279000	323000
1974-04-06	312000	288000	296000
1974-04-13	307500	278000	297000
1974-04-20	303000	256000	296000
1974-04-27	293000	235000	283000
1974-05-04	290750	243000	287000
1974-05-11	290500	249000	296000
1974-05-18	291000	238000	298000
1974-05-25	297500	246000	309000
1974-06-01	295250	209000	278000
1974-06-08	299750	267000	314000
1974-06-15	301000	255000	303000
1974-06-22	300750	266000	308000
1974-06-29	312500	285000	325000
1974-07-06	311750	350000	311000
1974-07-13	312000	351000	304000
1974-07-20	310750	325000	303000
1974-07-27	309500	333000	320000
1974-08-03	315500	340000	335000
1974-08-10	326250	318000	347000
1974-08-17	333500	269000	332000
1974-08-24	339250	260000	343000
1974-08-31	343000	259000	350000
1974-09-07	343750	253000	350000
1974-09-14	350000	271000	357000
1974-09-21	356750	283000	370000
1974-09-28	360750	279000	366000
1974-10-05	366000	325000	371000
1974-10-12	380000	358000	413000
1974-10-19	384750	324000	389000
1974-10-26	396750	357000	414000
1974-11-02	405500	375000	406000
1974-11-09	412500	435000	441000
1974-11-16	427500	450000	449000
1974-11-23	453500	532000	518000
1974-11-30	470500	524000	474000
1974-12-07	492250	693000	528000
1974-12-14	507500	637000	510000
1974-12-21	508250	677000	521000
1974-12-28	524000	813000	537000
1975-01-04	506000	681000	456000
1975-01-11	517000	969000	554000
1975-01-18	530500	850000	575000
1975-01-25	535000	729000	555000
1975-02-01	560750	699000	559000
1975-02-08	558500	691000	545000
1975-02-15	547250	608000	530000
1975-02-22	544500	567000	544000
1975-03-01	541250	568000	546000
1975-03-08	542750	569000	551000
1975-03-15	543000	494000	531000
1975-03-22	544500	499000	550000
1975-03-29	546750	477000	555000
1975-04-05	543250	505000	537000
1975-04-12	540500	496000	520000
1975-04-19	535750	456000	531000
1975-04-26	525250	429000	513000
1975-05-03	517250	420000	505000
1975-05-10	514000	432000	507000
1975-05-17	509750	410000	514000
1975-05-24	504750	391000	493000
1975-05-31	497250	360000	475000
1975-06-07	502750	443000	529000
1975-06-14	498500	422000	497000
1975-06-21	499500	428000	497000
1975-06-28	495500	407000	459000
1975-07-05	469000	460000	423000
1975-07-12	456250	517000	446000
1975-07-19	443250	481000	445000
1975-07-26	442000	471000	454000
1975-08-02	449750	462000	454000
1975-08-09	453000	429000	459000
1975-08-16	452750	367000	444000
1975-08-23	453500	353000	457000
1975-08-30	451500	332000	446000
1975-09-06	448500	331000	447000
1975-09-13	451500	341000	456000
1975-09-20	445500	336000	433000
1975-09-27	445250	342000	445000
1975-10-04	440000	365000	426000
1975-10-11	433250	385000	429000
1975-10-18	426000	332000	404000
1975-10-25	421250	372000	426000
1975-11-01	418250	378000	414000
1975-11-08	414750	414000	415000
1975-11-15	410250	371000	386000
1975-11-22	404000	419000	401000
1975-11-29	397250	403000	387000
1975-12-06	386750	487000	373000
1975-12-13	382250	456000	368000
1975-12-20	373250	463000	365000
1975-12-27	374250	573000	391000
1976-01-03	371500	540000	362000
1976-01-10	380000	708000	402000
1976-01-17	381250	563000	370000
1976-01-24	374250	486000	363000
1976-01-31	373500	450000	359000
1976-02-07	361250	452000	353000
1976-02-14	354750	391000	344000
1976-02-21	350750	367000	347000
1976-02-28	348250	353000	349000
1976-03-06	347000	366000	348000
1976-03-13	351000	343000	360000
1976-03-20	356250	330000	368000
1976-03-27	360500	314000	366000
1976-04-03	368500	334000	380000
1976-04-10	371750	366000	373000
1976-04-17	370000	316000	361000
1976-04-24	370250	311000	367000
1976-05-01	371500	313000	385000
1976-05-08	377000	345000	395000
1976-05-15	382250	308000	382000
1976-05-22	389000	311000	394000
1976-05-29	393250	310000	402000
1976-06-05	390000	307000	382000
1976-06-12	396250	351000	407000
1976-06-19	397500	342000	399000
1976-06-26	393750	339000	387000
1976-07-03	396750	401000	394000
1976-07-10	388000	445000	372000
1976-07-17	389750	455000	406000
1976-07-24	391500	418000	394000
1976-07-31	390000	401000	388000
1976-08-07	391500	373000	378000
1976-08-14	385500	329000	382000
1976-08-21	387000	320000	400000
1976-08-28	388500	301000	394000
1976-09-04	399250	321000	421000
1976-09-11	399500	280000	383000
1976-09-18	400250	320000	403000
1976-09-25	407500	327000	423000
1976-10-02	404250	332000	408000
1976-10-09	411250	388000	411000
1976-10-16	411250	325000	403000
1976-10-23	407750	361000	409000
1976-10-30	409250	370000	414000
1976-11-06	404000	387000	390000
1976-11-13	399000	363000	383000
1976-11-20	398750	430000	408000
1976-11-27	389500	369000	377000
1976-12-04	392500	500000	402000
1976-12-11	395500	494000	395000
1976-12-18	384750	434000	365000
1976-12-25	373750	466000	333000
1977-01-01	368250	558000	380000
1977-01-08	373500	685000	416000
1977-01-15	374250	597000	368000
1977-01-22	396750	589000	423000
1977-01-29	407250	518000	422000
1977-02-05	444500	704000	565000
1977-02-12	471750	552000	477000
1977-02-19	465750	422000	399000
1977-02-26	450750	360000	362000
1977-03-05	399750	367000	361000
1977-03-12	369250	335000	355000
1977-03-19	361750	321000	369000
1977-03-26	360250	298000	356000
1977-04-02	357500	296000	350000
1977-04-09	362750	367000	376000
1977-04-16	360750	316000	361000
1977-04-23	365500	314000	375000
1977-04-30	371750	305000	375000
1977-05-07	373750	333000	384000
1977-05-14	378750	309000	381000
1977-05-21	378750	293000	375000
1977-05-28	380250	298000	381000
1977-06-04	375000	283000	363000
1977-06-11	369250	308000	358000
1977-06-18	365250	310000	359000
1977-06-25	361250	321000	365000
1977-07-02	358000	348000	350000
1977-07-09	358750	431000	361000
1977-07-16	360500	424000	366000
1977-07-23	360500	391000	365000
1977-07-30	364250	380000	365000
1977-08-06	368500	379000	378000
1977-08-13	366750	319000	359000
1977-08-20	367250	298000	367000
1977-08-27	367250	282000	365000
1977-09-03	366250	289000	374000
1977-09-10	366250	260000	359000
1977-09-17	365000	289000	362000
1977-09-24	368750	293000	380000
1977-10-01	362250	275000	348000
1977-10-08	363750	345000	365000
1977-10-15	362750	287000	358000
1977-10-22	361500	322000	375000
1977-10-29	361750	309000	349000
1977-11-05	362000	352000	366000
1977-11-12	356000	310000	334000
1977-11-19	352250	367000	360000
1977-11-26	353500	342000	354000
1977-12-03	353750	430000	367000
1977-12-10	361250	448000	364000
1977-12-17	361000	412000	359000
1977-12-24	358500	450000	344000
1977-12-31	357750	535000	364000
1978-01-07	353250	559000	346000
1978-01-14	349250	579000	343000
1978-01-21	351250	500000	352000
1978-01-28	351000	445000	363000
1978-02-04	354500	447000	360000
1978-02-11	362000	438000	373000
1978-02-18	381250	455000	429000
1978-02-25	383250	372000	371000
1978-03-04	382000	360000	355000
1978-03-11	378500	342000	359000
1978-03-18	358000	302000	347000
1978-03-25	349000	280000	335000
1978-04-01	343500	278000	333000
1978-04-08	340000	338000	345000
1978-04-15	330500	279000	309000
1978-04-22	326500	277000	319000
1978-04-29	324250	269000	324000
1978-05-06	321500	291000	334000
1978-05-13	324750	268000	322000
1978-05-20	328500	266000	334000
1978-05-27	327000	256000	318000
1978-06-03	321000	242000	310000
1978-06-10	323250	292000	331000
1978-06-17	321250	287000	326000
1978-06-24	324250	297000	330000
1978-07-01	333750	347000	348000
1978-07-08	340000	428000	356000
1978-07-15	346500	421000	352000
1978-07-22	351250	387000	349000
1978-07-29	350750	371000	346000
1978-08-05	353000	376000	365000
1978-08-12	353500	326000	354000
1978-08-19	352000	287000	343000
1978-08-26	348750	264000	333000
1978-09-02	335750	249000	313000
1978-09-09	331500	246000	337000
1978-09-16	326250	262000	322000
1978-09-23	323750	254000	323000
1978-09-30	325000	249000	318000
1978-10-07	326500	323000	343000
1978-10-14	325000	262000	316000
1978-10-21	328750	287000	338000
1978-10-28	328250	280000	316000
1978-11-04	321750	302000	317000
1978-11-11	318750	286000	304000
1978-11-18	319750	345000	342000
1978-11-25	330500	350000	359000
1978-12-02	345500	427000	377000
1978-12-09	355500	427000	344000
1978-12-16	356750	390000	347000
1978-12-23	355000	447000	352000
1978-12-30	350250	515000	358000
1979-01-06	354000	559000	359000
1979-01-13	365250	680000	392000
1979-01-20	361500	488000	337000
1979-01-27	357500	423000	342000
1979-02-03	354750	424000	348000
1979-02-10	346500	418000	359000
1979-02-17	354000	384000	367000
1979-02-24	358500	364000	360000
1979-03-03	360250	358000	355000
1979-03-10	361250	346000	363000
1979-03-17	359250	315000	359000
1979-03-24	357500	296000	353000
1979-03-31	358750	300000	360000
1979-04-07	384250	449000	465000
1979-04-14	408750	424000	457000
1979-04-21	416250	340000	383000
1979-04-28	415500	303000	357000
1979-05-05	387500	307000	353000
1979-05-12	359250	290000	344000
1979-05-19	350000	280000	346000
1979-05-26	348000	287000	349000
1979-06-02	343750	262000	336000
1979-06-09	349000	322000	365000
1979-06-16	350250	312000	351000
1979-06-23	357750	343000	379000
1979-06-30	366000	366000	369000
1979-07-07	366750	458000	368000
1979-07-14	371000	446000	368000
1979-07-21	375000	445000	395000
1979-07-28	379250	417000	386000
1979-08-04	390250	428000	412000
1979-08-11	394750	360000	386000
1979-08-18	392750	329000	387000
1979-08-25	393750	313000	390000
1979-09-01	388000	312000	389000
1979-09-08	386000	285000	378000
1979-09-15	385250	311000	384000
1979-09-22	384750	309000	388000
1979-09-29	385000	303000	390000
1979-10-06	393500	379000	412000
1979-10-13	395750	335000	393000
1979-10-20	400250	342000	406000
1979-10-27	402250	353000	398000
1979-11-03	398000	372000	395000
1979-11-10	403250	392000	414000
1979-11-17	409250	401000	430000
1979-11-24	413250	379000	414000
1979-12-01	418500	513000	416000
1979-12-08	418750	521000	415000
1979-12-15	414000	455000	411000
1979-12-22	428250	580000	471000
1979-12-29	431250	596000	428000
1980-01-05	426000	574000	394000
1980-01-12	424500	804000	405000
1980-01-19	418250	648000	446000
1980-01-26	414250	515000	412000
1980-02-02	416750	471000	404000
1980-02-09	421750	493000	425000
1980-02-16	414000	418000	415000
1980-02-23	418000	415000	428000
1980-03-01	419250	407000	409000
1980-03-08	417500	413000	418000
1980-03-15	421750	398000	432000
1980-03-22	423500	392000	435000
1980-03-29	440000	399000	475000
1980-04-05	451500	451000	464000
1980-04-12	479500	535000	544000
1980-04-19	507750	495000	548000
1980-04-26	529750	482000	563000
1980-05-03	556750	491000	572000
1980-05-10	571000	526000	601000
1980-05-17	594500	539000	642000
1980-05-24	610500	525000	627000
1980-05-31	626750	477000	637000
1980-06-07	629000	562000	610000
1980-06-14	616500	511000	592000
1980-06-21	609500	529000	599000
1980-06-28	607000	563000	627000
1980-07-05	599250	584000	579000
1980-07-12	584500	643000	533000
1980-07-19	576500	628000	567000
1980-07-26	559250	569000	558000
1980-08-02	556750	536000	569000
1980-08-09	556750	494000	533000
1980-08-16	546250	435000	525000
1980-08-23	534750	410000	512000
1980-08-30	518000	397000	502000
1980-09-06	512500	374000	511000
1980-09-13	504250	414000	492000
1980-09-20	492500	381000	465000
1980-09-27	482750	363000	463000
1980-10-04	470500	410000	462000
1980-10-11	459250	417000	447000
1980-10-18	449250	355000	425000
1980-10-25	438000	384000	418000
1980-11-01	427250	395000	419000
1980-11-08	417250	416000	407000
1980-11-15	417750	403000	427000
1980-11-22	412750	440000	398000
1980-11-29	411000	407000	412000
1980-12-06	413250	534000	416000
1980-12-13	409750	481000	413000
1980-12-20	413250	499000	412000
1980-12-27	410000	546000	399000
1981-01-03	408500	580000	410000
1981-01-10	410000	839000	419000
1981-01-17	412250	638000	421000
1981-01-24	411500	521000	396000
1981-01-31	413750	490000	419000
1981-02-07	414000	500000	420000
1981-02-14	414500	439000	423000
1981-02-21	425000	430000	438000
1981-02-28	428750	432000	434000
1981-03-07	426000	414000	409000
1981-03-14	422250	385000	408000
1981-03-21	413000	365000	401000
1981-03-28	407500	356000	412000
1981-04-04	409500	383000	417000
1981-04-11	406500	401000	396000
1981-04-18	404250	350000	392000
1981-04-25	410250	379000	436000
1981-05-02	409250	342000	413000
1981-05-09	416000	369000	423000
1981-05-16	421500	340000	414000
1981-05-23	416250	342000	415000
1981-05-30	417250	301000	417000
1981-06-06	418500	384000	428000
1981-06-13	421250	367000	425000
1981-06-20	426250	376000	435000
1981-06-27	433000	387000	444000
1981-07-04	441000	430000	460000
1981-07-11	441250	516000	426000
1981-07-18	440000	481000	430000
1981-07-25	430750	429000	407000
1981-08-01	434750	444000	476000
1981-08-08	440250	419000	448000
1981-08-15	443250	369000	442000
1981-08-22	450000	351000	434000
1981-08-29	443750	352000	451000
1981-09-05	450000	396000	473000
1981-09-12	453000	331000	454000
1981-09-19	463250	392000	475000
1981-09-26	473250	392000	491000
1981-10-03	477250	416000	489000
1981-10-10	486500	476000	491000
1981-10-17	489500	408000	487000
1981-10-24	487500	450000	483000
1981-10-31	493750	479000	514000
1981-11-07	499500	534000	514000
1981-11-14	507000	483000	517000
1981-11-21	502250	522000	464000
1981-11-28	511750	535000	552000
1981-12-05	522750	726000	558000
1981-12-12	531250	657000	551000
1981-12-19	550000	644000	539000
1981-12-26	551000	702000	556000
1982-01-02	535250	694300	495000
1982-01-09	533750	1073500	545000
1982-01-16	521250	761700	489000
1982-01-23	523250	771200	564000
1982-01-30	545250	692300	583000
1982-02-06	548000	671000	556000
1982-02-13	552500	532800	507000
1982-02-20	547500	522900	544000
1982-02-27	533750	536300	528000
1982-03-06	533750	566300	556000
1982-03-13	541750	515100	539000
1982-03-20	545000	510500	557000
1982-03-27	556500	501500	574000
1982-04-03	562000	516600	578000
1982-04-10	573500	606300	585000
1982-04-17	583500	540300	597000
1982-04-24	587000	518600	588000
1982-05-01	586500	475600	576000
1982-05-08	586250	516500	584000
1982-05-15	583250	486500	585000
1982-05-22	582750	486300	586000
1982-05-29	585750	485800	588000
1982-06-05	592500	478600	611000
1982-06-12	599750	541600	614000
1982-06-19	601000	508100	591000
1982-06-26	599500	507700	582000
1982-07-03	596750	594400	600000
1982-07-10	586250	631400	572000
1982-07-17	580250	647000	567000
1982-07-24	568750	576100	536000
1982-07-31	570000	562600	605000
1982-08-07	578500	569200	606000
1982-08-14	596000	536400	637000
1982-08-21	619000	510400	628000
1982-08-28	629500	502300	647000
1982-09-04	640750	537600	651000
1982-09-11	641750	467700	641000
1982-09-18	654750	559500	680000
1982-09-25	660750	535000	671000
1982-10-02	671750	565600	695000
1982-10-09	674250	638100	651000
1982-10-16	668250	540300	656000
1982-10-23	656250	577600	623000
1982-10-30	641750	576800	637000
1982-11-06	626250	604800	589000
1982-11-13	612000	546700	599000
1982-11-20	600500	650400	577000
1982-11-27	594250	574100	612000
1982-12-04	586250	709400	557000
1982-12-11	569750	638200	533000
1982-12-18	554500	598000	516000
1982-12-25	523750	653600	489000
1983-01-01	518000	745100	534000
1983-01-08	512250	976600	510000
1983-01-15	503000	773600	479000
1983-01-22	500500	650600	479000
1983-01-29	492750	597700	503000
1983-02-05	490500	594200	501000
1983-02-12	492250	525100	486000
1983-02-19	494250	506300	487000
1983-02-26	488750	448700	481000
1983-03-05	487250	497400	495000
1983-03-12	484500	459700	475000
1983-03-19	480250	427500	470000
1983-03-26	480250	422100	481000
1983-04-02	479250	423000	491000
1983-04-09	484500	509700	496000
1983-04-16	495750	464800	515000
1983-04-23	497500	431300	488000
1983-04-30	497250	399900	490000
1983-05-07	496750	435000	494000
1983-05-14	484000	385200	464000
1983-05-21	477000	380300	460000
1983-05-28	468000	373000	454000
1983-06-04	459250	351100	459000
1983-06-11	453750	390100	442000
1983-06-18	447250	369200	434000
1983-06-25	444250	383500	442000
1983-07-02	435000	397400	422000
1983-07-09	427500	451900	412000
1983-07-16	418000	459400	396000
1983-07-23	406250	428300	395000
1983-07-30	404500	383400	415000
1983-08-06	405250	382500	415000
1983-08-13	420500	382300	457000
1983-08-20	433000	356900	445000
1983-08-27	435750	323600	426000
1983-09-03	434750	328800	411000
1983-09-10	421250	288700	403000
1983-09-17	411250	326900	405000
1983-09-24	408750	324700	416000
1983-10-01	409250	318500	413000
1983-10-08	410000	390500	406000
1983-10-15	407250	319900	394000
1983-10-22	401750	354900	394000
1983-10-29	399500	356400	404000
1983-11-05	396750	398200	395000
1983-11-12	395750	347300	390000
1983-11-19	394000	431900	387000
1983-11-26	392500	362900	398000
1983-12-03	385000	458400	365000
1983-12-10	379500	442900	368000
1983-12-17	373250	414600	362000
1983-12-24	368000	496800	377000
1983-12-31	369750	558900	372000
1984-01-07	366750	621600	356000
1984-01-14	364000	637900	351000
1984-01-21	353000	475100	333000
1984-01-28	351000	448500	364000
1984-02-04	347500	408400	342000
1984-02-11	344250	381500	338000
1984-02-18	344500	349300	334000
1984-02-25	339250	329100	343000
1984-03-03	340500	350500	347000
1984-03-10	342500	344000	346000
1984-03-17	346250	323500	349000
1984-03-24	347000	317600	346000
1984-03-31	345500	291400	341000
1984-04-07	354250	390300	381000
1984-04-14	356250	330800	357000
1984-04-21	360750	326500	364000
1984-04-28	369250	309300	375000
1984-05-05	365250	318900	365000
1984-05-12	368000	312100	368000
1984-05-19	365500	294200	354000
1984-05-26	360250	292700	354000
1984-06-02	357750	268700	355000
1984-06-09	358000	333800	369000
1984-06-16	359750	309900	361000
1984-06-23	361750	316800	362000
1984-06-30	363000	329000	360000
1984-07-07	362250	432500	366000
1984-07-14	362000	435900	360000
1984-07-21	360750	396200	357000
1984-07-28	360500	343800	359000
1984-08-04	364500	348100	382000
1984-08-11	369500	328100	380000
1984-08-18	380500	321000	401000
1984-08-25	389500	303300	395000
1984-09-01	390250	303500	385000
1984-09-08	395750	289300	402000
1984-09-15	393750	320700	393000
1984-09-22	393750	313200	395000
1984-09-29	398000	304700	402000
1984-10-06	398250	373300	403000
1984-10-13	402500	353200	410000
1984-10-20	413500	378700	439000
1984-10-27	419250	380500	425000
1984-11-03	424250	413400	423000
1984-11-10	420000	397500	393000
1984-11-17	406000	370800	383000
1984-11-24	407000	387000	429000
1984-12-01	401500	494700	401000
1984-12-08	399000	477900	383000
1984-12-15	399750	443700	386000
1984-12-22	387250	482300	379000
1984-12-29	381750	527500	379000
1985-01-05	378250	568300	369000
1985-01-12	378500	770000	387000
1985-01-19	373500	537700	359000
1985-01-26	370750	478300	368000
1985-02-02	375000	452400	386000
1985-02-09	378500	473300	401000
1985-02-16	386250	404700	390000
1985-02-23	391750	379000	390000
1985-03-02	388750	377300	374000
1985-03-09	384750	389200	385000
1985-03-16	383750	360500	386000
1985-03-23	379500	346700	373000
1985-03-30	382500	329100	386000
1985-04-06	387500	398000	405000
1985-04-13	393750	397500	411000
1985-04-20	398250	351800	391000
1985-04-27	398250	324700	386000
1985-05-04	394500	335600	390000
1985-05-11	390250	339100	394000
1985-05-18	390250	324900	391000
1985-05-25	392750	328500	396000
1985-06-01	393500	293500	393000
1985-06-08	395750	368900	403000
1985-06-15	395500	339200	390000
1985-06-22	393000	339500	386000
1985-06-29	392250	349800	390000
1985-07-06	390250	409500	395000
1985-07-13	389250	481500	386000
1985-07-20	385250	413700	370000
1985-07-27	378250	358700	362000
1985-08-03	381250	365800	407000
1985-08-10	385250	358200	402000
1985-08-17	392500	319400	399000
1985-08-24	403250	314800	405000
1985-08-31	403750	317600	409000
1985-09-07	409750	304700	426000
1985-09-14	412000	332900	408000
1985-09-21	411000	317600	401000
1985-09-28	408500	301600	399000
1985-10-05	403250	355600	405000
1985-10-12	401250	358000	400000
1985-10-19	401000	331000	400000
1985-10-26	405750	375700	418000
1985-11-02	404000	375300	398000
1985-11-09	403250	404100	397000
1985-11-16	402500	380300	397000
1985-11-23	393500	423100	382000
1985-11-30	392250	384700	393000
1985-12-07	392750	504200	399000
1985-12-14	389000	443400	382000
1985-12-21	386000	458200	370000
1985-12-28	385250	548200	390000
1986-01-04	376000	547500	362000
1986-01-11	379750	803900	397000
1986-01-18	378250	568800	364000
1986-01-25	366750	395700	344000
1986-02-01	367250	425400	364000
1986-02-08	359500	438100	366000
1986-02-15	358000	374200	358000
1986-02-22	369500	382200	390000
1986-03-01	372250	381200	375000
1986-03-08	372250	371700	366000
1986-03-15	378250	361600	382000
1986-03-22	377500	363100	387000
1986-03-29	382750	333300	396000
1986-04-05	386500	366100	381000
1986-04-12	388000	386100	388000
1986-04-19	387000	348700	383000
1986-04-26	385750	335100	391000
1986-05-03	388500	333600	392000
1986-05-10	390250	343800	395000
1986-05-17	390500	319000	384000
1986-05-24	389250	321700	386000
1986-05-31	384500	278700	373000
1986-06-07	379500	342200	375000
1986-06-14	375750	324700	369000
1986-06-21	371000	327400	367000
1986-06-28	370500	336100	371000
1986-07-05	369500	377400	371000
1986-07-12	367500	456200	361000
1986-07-19	364250	402400	354000
1986-07-26	362000	370700	362000
1986-08-02	373250	370900	416000
1986-08-09	387000	376900	416000
1986-08-16	400250	326000	407000
1986-08-23	409000	310200	397000
1986-08-30	405250	307100	401000
1986-09-06	401250	283700	400000
1986-09-13	398000	320800	394000
1986-09-20	398500	315800	399000
1986-09-27	395500	294200	389000
1986-10-04	393250	328900	391000
1986-10-11	391500	357700	387000
1986-10-18	388000	313000	385000
1986-10-25	383250	332400	370000
1986-11-01	376500	334100	364000
1986-11-08	367000	357600	349000
1986-11-15	362750	347400	368000
1986-11-22	362500	410600	369000
1986-11-29	363000	350900	366000
1986-12-06	366500	462700	363000
1986-12-13	368250	438600	375000
1986-12-20	363500	423800	350000
1986-12-27	358250	483900	345000
1987-01-03	348250	483977	323000
1987-01-10	341500	710493	348000
1987-01-17	339250	545768	341000
1987-01-24	339500	412977	346000
1987-01-31	351250	435743	370000
1987-02-07	356250	444240	368000
1987-02-14	355500	359219	338000
1987-02-21	354250	332930	341000
1987-02-28	348750	355357	348000
1987-03-07	341000	343065	337000
1987-03-14	340250	321153	335000
1987-03-21	338750	313104	335000
1987-03-28	333250	288648	326000
1987-04-04	331500	308940	330000
1987-04-11	332250	344364	338000
1987-04-18	335750	305201	349000
1987-04-25	336250	285566	328000
1987-05-02	336250	277726	330000
1987-05-09	330500	276773	315000
1987-05-16	328500	283832	341000
1987-05-23	332250	286150	343000
1987-05-30	331250	242793	326000
1987-06-06	334500	299672	328000
1987-06-13	328250	281043	316000
1987-06-20	322250	285191	319000
1987-06-27	322250	294288	326000
1987-07-04	321750	321855	326000
1987-07-11	322000	402706	317000
1987-07-18	319750	361491	310000
1987-07-25	319250	339756	324000
1987-08-01	324750	309433	348000
1987-08-08	327250	296403	327000
1987-08-15	329500	256647	319000
1987-08-22	326500	245058	312000
1987-08-29	320000	243829	322000
1987-09-05	317250	255589	316000
1987-09-12	311750	210375	297000
1987-09-19	311000	243651	309000
1987-09-26	309750	242206	317000
1987-10-03	306000	244736	301000
1987-10-10	308750	291075	308000
1987-10-17	306750	242157	301000
1987-10-24	302750	271190	301000
1987-10-31	299750	261036	289000
1987-11-07	297000	306340	297000
1987-11-14	298500	286334	307000
1987-11-21	302500	354037	317000
1987-11-28	306750	288614	306000
1987-12-05	312250	412297	319000
1987-12-12	314750	372869	317000
1987-12-19	316250	384763	323000
1987-12-26	318750	397287	316000
1988-01-02	317750	465503	315000
1988-01-09	319750	654620	325000
1988-01-16	329250	577975	361000
1988-01-23	334000	412685	335000
1988-01-30	340750	394776	342000
1988-02-06	339000	380906	318000
1988-02-13	326500	334833	311000
1988-02-20	324500	315497	327000
1988-02-27	318750	324517	319000
1988-03-05	316000	312409	307000
1988-03-12	314250	294321	304000
1988-03-19	309250	275545	307000
1988-03-26	305500	269000	304000
1988-04-02	306000	256607	309000
1988-04-09	308250	319713	313000
1988-04-16	310000	273160	314000
1988-04-23	312000	272440	312000
1988-04-30	313000	247619	313000
1988-05-07	312000	267315	309000
1988-05-14	312000	257101	314000
1988-05-21	313750	259640	319000
1988-05-28	313750	255852	313000
1988-06-04	314000	235308	310000
1988-06-11	311750	268052	305000
1988-06-18	309750	264100	311000
1988-06-25	308250	268770	307000
1988-07-02	307000	290079	305000
1988-07-09	306500	335780	303000
1988-07-16	307500	377872	315000
1988-07-23	319250	384920	354000
1988-07-30	325750	311475	331000
1988-08-06	329000	293718	316000
1988-08-13	328250	261066	312000
1988-08-20	318750	253359	316000
1988-08-27	314750	241809	315000
1988-09-03	312250	243944	306000
1988-09-10	310500	220226	305000
1988-09-17	308000	247250	306000
1988-09-24	304500	236230	301000
1988-10-01	301000	226453	292000
1988-10-08	297750	276732	292000
1988-10-15	294500	237722	293000
1988-10-22	290750	264201	286000
1988-10-29	291250	265794	294000
1988-11-05	289500	293412	285000
1988-11-12	287250	257201	284000
1988-11-19	289250	335818	294000
1988-11-26	290500	281841	299000
1988-12-03	293750	391406	298000
1988-12-10	294000	354028	285000
1988-12-17	293750	354768	293000
1988-12-24	290500	413175	286000
1988-12-31	292000	474226	304000
1989-01-07	295500	544138	299000
1989-01-14	293000	519727	283000
1989-01-21	292000	364499	282000
1989-01-28	289750	361331	295000
1989-02-04	287000	340647	288000
1989-02-11	296750	365301	322000
1989-02-18	302500	317676	305000
1989-02-25	303750	288690	300000
1989-03-04	313000	333669	325000
1989-03-11	313750	325019	325000
1989-03-18	317250	291112	319000
1989-03-25	322000	276369	319000
1989-04-01	321500	275799	323000
1989-04-08	318750	321723	314000
1989-04-15	315750	275240	307000
1989-04-22	312000	271002	304000
1989-04-29	309000	247646	311000
1989-05-06	310500	275425	320000
1989-05-13	316750	275507	332000
1989-05-20	321000	260543	321000
1989-05-27	324500	266146	325000
1989-06-03	325750	243246	325000
1989-06-10	325750	295499	332000
1989-06-17	329750	285589	337000
1989-06-24	333000	295338	338000
1989-07-01	339000	319577	349000
1989-07-08	341250	364594	341000
1989-07-15	344250	423847	349000
1989-07-22	342750	365026	332000
1989-07-29	339750	320773	337000
1989-08-05	339000	311584	338000
1989-08-12	337000	291429	341000
1989-08-19	335750	261419	327000
1989-08-26	334500	254488	332000
1989-09-02	332250	259540	329000
1989-09-09	331000	239989	336000
1989-09-16	332750	271903	334000
1989-09-23	333250	262895	334000
1989-09-30	337750	265310	347000
1989-10-07	355500	375972	407000
1989-10-14	358250	284584	345000
1989-10-21	361500	315473	347000
1989-10-28	363250	317538	354000
1989-11-04	344750	336759	333000
1989-11-11	342500	303556	336000
1989-11-18	339750	377814	336000
1989-11-25	336750	316458	342000
1989-12-02	339500	443684	344000
1989-12-09	340000	426514	338000
1989-12-16	344750	420795	355000
1989-12-23	354500	534261	381000
1989-12-30	358000	515926	358000
1990-01-06	362250	581679	355000
1990-01-13	365750	730995	369000
1990-01-20	364250	485424	375000
1990-01-27	361000	440748	345000
1990-02-03	364250	432922	368000
1990-02-10	363750	429764	367000
1990-02-17	357000	364616	348000
1990-02-24	358250	341969	350000
1990-03-03	354000	361937	351000
1990-03-10	349500	355935	349000
1990-03-17	349750	325164	349000
1990-03-24	345000	306391	331000
1990-03-31	343750	297117	346000
1990-04-07	348250	372079	367000
1990-04-14	350250	315624	357000
1990-04-21	357500	324936	360000
1990-04-28	361750	294785	363000
1990-05-05	358500	304160	354000
1990-05-12	358000	299266	355000
1990-05-19	356250	287082	353000
1990-05-26	355250	295476	359000
1990-06-02	358750	273910	368000
1990-06-09	359750	321727	359000
1990-06-16	361250	305690	359000
1990-06-23	362000	316999	362000
1990-06-30	361000	326407	364000
1990-07-07	361750	419256	362000
1990-07-14	363750	448952	367000
1990-07-21	365750	407676	370000
1990-07-28	367000	353149	369000
1990-08-04	368750	336997	369000
1990-08-11	372250	330678	381000
1990-08-18	378000	313804	393000
1990-08-25	384250	302267	394000
1990-09-01	390000	305510	392000
1990-09-08	392250	277768	390000
1990-09-15	392750	323246	395000
1990-09-22	391500	306549	389000
1990-09-29	394500	308080	404000
1990-10-06	398000	361538	404000
1990-10-13	404750	356203	422000
1990-10-20	416250	387444	435000
1990-10-27	425250	394598	440000
1990-11-03	431750	424771	430000
1990-11-10	438250	463874	448000
1990-11-17	441250	433003	447000
1990-11-24	446750	422676	462000
1990-12-01	452000	568583	451000
1990-12-08	452250	574323	449000
1990-12-15	452250	523403	447000
1990-12-22	455250	637449	474000
1990-12-29	456000	649471	454000
1991-01-05	447500	651775	415000
1991-01-12	445000	872742	437000
1991-01-19	437750	691092	445000
1991-01-26	439750	511360	462000
1991-02-02	456750	563060	483000
1991-02-09	467500	574760	480000
1991-02-16	474750	498200	474000
1991-02-23	484000	492325	499000
1991-03-02	485250	504023	488000
1991-03-09	490000	514410	499000
1991-03-16	496000	470801	498000
1991-03-23	498500	477877	509000
1991-03-30	501250	412904	499000
1991-04-06	489500	448082	452000
1991-04-13	484250	459364	477000
1991-04-20	476500	433912	478000
1991-04-27	467250	385153	462000
1991-05-04	467000	384458	451000
1991-05-11	459250	382113	446000
1991-05-18	451750	366492	448000
1991-05-25	447000	365117	443000
1991-06-01	442250	320632	432000
1991-06-08	441000	397682	441000
1991-06-15	436250	369074	429000
1991-06-22	431250	371232	423000
1991-06-29	427750	370372	418000
1991-07-06	423000	427161	422000
1991-07-13	420750	517888	420000
1991-07-20	417000	454655	408000
1991-07-27	418250	408098	423000
1991-08-03	422250	397522	438000
1991-08-10	426500	385740	437000
1991-08-17	432750	344969	433000
1991-08-24	433250	329287	425000
1991-08-31	430000	328040	425000
1991-09-07	426750	302187	424000
1991-09-14	423000	342419	418000
1991-09-21	421500	333110	419000
1991-09-28	424500	334206	437000
1991-10-05	424500	366862	424000
1991-10-12	426250	388370	425000
1991-10-19	426250	344189	419000
1991-10-26	422750	380253	423000
1991-11-02	428500	427789	447000
1991-11-09	435500	473432	453000
1991-11-16	440500	417766	439000
1991-11-23	445750	503032	444000
1991-11-30	445000	433180	444000
1991-12-07	450500	610113	475000
1991-12-14	459500	554059	475000
1991-12-21	457500	555747	436000
1991-12-28	456750	625772	441000
1992-01-04	446000	652046	432000
1992-01-11	437250	882118	440000
1992-01-18	439000	687914	443000
1992-01-25	439000	504838	441000
1992-02-01	441000	508594	440000
1992-02-08	442250	537238	445000
1992-02-15	443000	469794	446000
1992-02-22	441750	429723	436000
1992-02-29	442750	454987	444000
1992-03-07	436750	434426	421000
1992-03-14	434500	417282	437000
1992-03-21	435500	413180	440000
1992-03-28	429500	370883	420000
1992-04-04	427250	393384	412000
1992-04-11	421250	412948	413000
1992-04-18	417250	366621	424000
1992-04-25	418250	364454	424000
1992-05-02	423000	363794	431000
1992-05-09	424000	364100	417000
1992-05-16	421500	341425	414000
1992-05-23	419000	343432	414000
1992-05-30	414000	305080	411000
1992-06-06	413750	374978	416000
1992-06-13	415250	369067	420000
1992-06-20	416500	369995	419000
1992-06-27	418750	370373	420000
1992-07-04	416500	395505	407000
1992-07-11	413500	506050	408000
1992-07-18	406750	452468	392000
1992-07-25	442750	554590	564000
1992-08-01	446750	382138	423000
1992-08-08	446250	366092	406000
1992-08-15	448500	322729	401000
1992-08-22	407000	312436	398000
1992-08-29	403250	309806	408000
1992-09-05	405750	339006	416000
1992-09-12	409500	299189	416000
1992-09-19	416750	345093	427000
1992-09-26	417000	315455	409000
1992-10-03	412500	326938	398000
1992-10-10	402000	353504	374000
1992-10-17	391500	310235	385000
1992-10-24	381000	333005	367000
1992-10-31	372750	331922	365000
1992-11-07	372750	392213	374000
1992-11-14	370750	348011	377000
1992-11-21	368250	401972	357000
1992-11-28	362250	317218	341000
1992-12-05	356250	449726	350000
1992-12-12	351750	424677	359000
1992-12-19	346000	396619	334000
1992-12-26	339000	392612	313000
1993-01-02	336750	487466	341000
1993-01-09	335500	704930	354000
1993-01-16	340000	558516	352000
1993-01-23	347000	410944	341000
1993-01-30	346750	397000	340000
1993-02-06	338000	384707	319000
1993-02-13	330250	344520	321000
1993-02-20	332750	345116	351000
1993-02-27	338250	367412	362000
1993-03-06	347000	364185	354000
1993-03-13	353250	335154	346000
1993-03-20	350000	315473	338000
1993-03-27	351000	330512	366000
1993-04-03	353750	331871	365000
1993-04-10	355500	346648	353000
1993-04-17	358750	321564	351000
1993-04-24	354750	310916	350000
1993-05-01	349250	285098	343000
1993-05-08	345750	301906	339000
1993-05-15	344250	287944	345000
1993-05-22	342250	285444	342000
1993-05-29	343750	291206	349000
1993-06-05	344750	273411	343000
1993-06-12	344250	308535	343000
1993-06-19	345000	304843	345000
1993-06-26	342750	301549	340000
1993-07-03	340500	334335	334000
1993-07-10	333250	362425	314000
1993-07-17	330750	402348	335000
1993-07-24	349500	418260	415000
1993-07-31	355000	320155	356000
1993-08-07	363000	314579	346000
1993-08-14	364000	277263	339000
1993-08-21	345750	270913	342000
1993-08-28	341000	254231	337000
1993-09-04	338000	270528	334000
1993-09-11	336500	238902	333000
1993-09-18	337500	280903	346000
1993-09-25	339000	265510	343000
1993-10-02	338750	263636	333000
1993-10-09	344250	338726	355000
1993-10-16	347500	288699	359000
1993-10-23	350250	321509	354000
1993-10-30	354000	309359	348000
1993-11-06	352750	365280	350000
1993-11-13	348250	310455	341000
1993-11-20	343750	377935	336000
1993-11-27	341000	306788	337000
1993-12-04	337750	431210	337000
1993-12-11	336000	398560	334000
1993-12-18	334750	382583	331000
1993-12-25	323000	398084	290000
1994-01-01	324000	481735	341000
1994-01-08	326250	676076	343000
1994-01-15	332250	571816	355000
1994-01-22	347500	427570	351000
1994-01-29	363750	481458	406000
1994-02-05	368250	429800	361000
1994-02-12	368000	385594	354000
1994-02-19	368250	368626	352000
1994-02-26	348500	307194	327000
1994-03-05	345250	355250	348000
1994-03-12	342000	331023	341000
1994-03-19	337000	308038	332000
1994-03-26	335750	292661	322000
1994-04-02	334250	289631	342000
1994-04-09	336250	361348	349000
1994-04-16	341750	327166	354000
1994-04-23	344000	298620	331000
1994-04-30	344500	285837	344000
1994-05-07	350000	332414	371000
1994-05-14	351500	303190	360000
1994-05-21	358000	299324	357000
1994-05-28	359000	291797	348000
1994-06-04	352500	273849	345000
1994-06-11	347000	309033	338000
1994-06-18	341750	298198	336000
1994-06-25	340000	305863	341000
1994-07-02	337250	327262	334000
1994-07-09	338000	394428	341000
1994-07-16	343750	443698	359000
1994-07-23	344750	354495	345000
1994-07-30	344250	295979	332000
1994-08-06	343500	304363	338000
1994-08-13	337500	277614	335000
1994-08-20	334000	262131	331000
1994-08-27	336250	257299	341000
1994-09-03	336500	270561	339000
1994-09-10	335500	237526	331000
1994-09-17	334250	264553	326000
1994-09-24	330250	251191	325000
1994-10-01	328000	255588	330000
1994-10-08	330500	322522	341000
1994-10-15	332750	272742	335000
1994-10-22	334000	296646	330000
1994-10-29	334250	291557	331000
1994-11-05	331000	338561	328000
1994-11-12	329500	298030	329000
1994-11-19	328500	366719	326000
1994-11-26	328000	295729	329000
1994-12-03	327000	412824	324000
1994-12-10	327000	397238	329000
1994-12-17	328000	376210	330000
1994-12-24	324250	423387	314000
1994-12-31	323000	482735	319000
1995-01-07	325250	612648	338000
1995-01-14	329500	608872	347000
1995-01-21	332250	400772	325000
1995-01-28	333500	396457	324000
1995-02-04	330000	381813	324000
1995-02-11	330250	387408	348000
1995-02-18	334750	356237	343000
1995-02-25	337750	316927	336000
1995-03-04	341500	342015	339000
1995-03-11	341250	339580	347000
1995-03-18	341250	319218	343000
1995-03-25	340250	305471	332000
1995-04-01	339250	294031	335000
1995-04-08	339250	356914	347000
1995-04-15	342250	318030	355000
1995-04-22	346500	317072	349000
1995-04-29	354000	305594	365000
1995-05-06	358250	325398	364000
1995-05-13	361000	311646	366000
1995-05-20	368000	316305	377000
1995-05-27	370250	314442	374000
1995-06-03	369750	286566	362000
1995-06-10	370000	340606	367000
1995-06-17	370250	337812	378000
1995-06-24	366250	324411	358000
1995-07-01	364500	341207	355000
1995-07-08	365750	428632	372000
1995-07-15	368500	491891	389000
1995-07-22	376500	409319	390000
1995-07-29	375500	311708	351000
1995-08-05	370250	310703	351000
1995-08-12	361250	296712	353000
1995-08-19	354250	286017	362000
1995-08-26	356250	272182	359000
1995-09-02	357250	278703	355000
1995-09-09	361750	266145	371000
1995-09-16	365250	304323	376000
1995-09-23	363750	272431	353000
1995-09-30	363750	269067	355000
1995-10-07	364500	345311	374000
1995-10-14	362750	306465	369000
1995-10-21	366000	322856	366000
1995-10-28	371500	332061	377000
1995-11-04	373000	383687	380000
1995-11-11	373250	335181	370000
1995-11-18	376500	425889	379000
1995-11-25	377000	336269	379000
1995-12-02	375250	474548	373000
1995-12-09	369250	421109	346000
1995-12-16	367750	423450	373000
1995-12-23	366500	490349	374000
1995-12-30	363000	513686	359000
1996-01-06	366750	596010	361000
1996-01-13	356750	637910	333000
1996-01-20	367000	510820	415000
1996-01-27	374000	492966	387000
1996-02-03	377250	433693	374000
1996-02-10	390750	440961	387000
1996-02-17	382750	395332	383000
1996-02-24	377250	347053	365000
1996-03-02	375750	368044	368000
1996-03-09	369250	355818	361000
1996-03-16	369500	357070	384000
1996-03-23	384750	396731	426000
1996-03-30	391000	342023	393000
1996-04-06	393000	353032	369000
1996-04-13	386250	343654	357000
1996-04-20	371750	336033	368000
1996-04-27	359250	291957	343000
1996-05-04	351500	298195	338000
1996-05-11	350250	303532	352000
1996-05-18	344500	287891	345000
1996-05-25	344500	287622	343000
1996-06-01	345000	266116	340000
1996-06-08	344750	329099	351000
1996-06-15	344000	307141	342000
1996-06-22	343500	312226	341000
1996-06-29	342750	315615	337000
1996-07-06	340500	382989	342000
1996-07-13	341750	449510	347000
1996-07-20	339500	360385	332000
1996-07-27	337000	294762	327000
1996-08-03	333000	283216	326000
1996-08-10	329000	285795	331000
1996-08-17	330000	265742	336000
1996-08-24	332500	259677	337000
1996-08-31	333250	251425	329000
1996-09-07	333750	238893	333000
1996-09-14	334250	272464	338000
1996-09-21	338000	273232	352000
1996-09-28	342750	261251	348000
1996-10-05	343250	292029	335000
1996-10-12	342250	306521	334000
1996-10-19	338000	271934	335000
1996-10-26	339000	311965	352000
1996-11-02	338750	320827	334000
1996-11-09	337000	340240	327000
1996-11-16	338750	330730	342000
1996-11-23	337500	383512	347000
1996-11-30	337000	328186	332000
1996-12-07	344000	444305	355000
1996-12-14	346500	404436	352000
1996-12-21	347250	429566	350000
1996-12-28	353500	520650	357000
1997-01-04	351500	541210	347000
1997-01-11	344500	654473	324000
1997-01-18	343250	513913	345000
1997-01-25	339000	385310	340000
1997-02-01	335500	380099	333000
1997-02-08	333250	370766	315000
1997-02-15	325250	320374	313000
1997-02-22	320750	309202	322000
1997-03-01	317750	317339	321000
1997-03-08	318250	314787	317000
1997-03-15	319750	296698	319000
1997-03-22	318000	291463	315000
1997-03-29	319000	268823	325000
1997-04-05	321000	311186	325000
1997-04-12	323750	329663	330000
1997-04-19	324000	286593	316000
1997-04-26	327000	295166	337000
1997-05-03	331250	295629	342000
1997-05-10	328250	278052	318000
1997-05-17	329750	267251	322000
1997-05-24	324500	264697	316000
1997-05-31	319250	248167	321000
1997-06-07	322000	309928	329000
1997-06-14	325250	302577	335000
1997-06-21	325250	290720	316000
1997-06-28	325500	298299	322000
1997-07-05	329750	372574	346000
1997-07-12	328000	434598	328000
1997-07-19	324250	339250	301000
1997-07-26	320250	281794	306000
1997-08-02	313750	273471	320000
1997-08-09	314000	289083	329000
1997-08-16	324500	272910	343000
1997-08-23	329750	255236	327000
1997-08-30	332750	250205	332000
1997-09-06	328750	224948	313000
1997-09-13	321500	253456	314000
1997-09-20	319000	246061	317000
1997-09-27	315250	237214	317000
1997-10-04	314750	260705	311000
1997-10-11	312500	286436	305000
1997-10-18	312750	255634	318000
1997-10-25	310000	272593	306000
1997-11-01	310500	293086	313000
1997-11-08	311250	322842	308000
1997-11-15	313000	311499	325000
1997-11-22	313750	341845	309000
1997-11-29	315000	309788	318000
1997-12-06	317250	402699	317000
1997-12-13	316750	374107	323000
1997-12-20	317000	368823	310000
1997-12-27	313250	445345	303000
1998-01-03	312000	479854	312000
1998-01-10	314000	682016	331000
1998-01-17	321750	512837	341000
1998-01-24	322750	355092	307000
1998-01-31	323500	357976	315000
1998-02-07	318500	368113	311000
1998-02-14	313500	328354	321000
1998-02-21	318500	313367	327000
1998-02-28	319000	313480	317000
1998-03-07	318250	305542	308000
1998-03-14	317750	298302	319000
1998-03-21	316250	293692	321000
1998-03-28	315000	272808	312000
1998-04-04	316000	288484	312000
1998-04-11	312250	294014	304000
1998-04-18	311250	288059	317000
1998-04-25	311000	278220	311000
1998-05-02	309000	261089	304000
1998-05-09	309500	270108	306000
1998-05-16	309000	262107	315000
1998-05-23	308500	259125	309000
1998-05-30	313000	248550	322000
1998-06-06	313000	289495	306000
1998-06-13	314500	293195	321000
1998-06-20	324500	322017	349000
1998-06-27	338000	348842	376000
1998-07-04	352000	379734	362000
1998-07-11	351750	428977	320000
1998-07-18	343250	364767	315000
1998-07-25	333000	314782	335000
1998-08-01	324250	277621	327000
1998-08-08	323250	279621	316000
1998-08-15	321500	246823	308000
1998-08-22	313250	237999	302000
1998-08-29	309000	233516	310000
1998-09-05	308250	255938	313000
1998-09-12	307250	217454	304000
1998-09-19	308000	237609	305000
1998-09-26	304000	220668	294000
1998-10-03	301250	246284	302000
1998-10-10	304250	300862	316000
1998-10-17	307500	257172	318000
1998-10-24	311250	275574	309000
1998-10-31	312750	281932	308000
1998-11-07	312750	332611	316000
1998-11-14	316750	315504	334000
1998-11-21	315500	338501	304000
1998-11-28	316000	295041	310000
1998-12-05	318500	421605	326000
1998-12-12	311250	355872	305000
1998-12-19	309500	344452	297000
1998-12-26	316000	442200	336000
1999-01-02	317250	508983	331000
1999-01-09	327250	713805	345000
1999-01-16	337750	514082	339000
1999-01-23	331500	364737	311000
1999-01-30	325000	349733	305000
1999-02-06	311500	344947	291000
1999-02-13	304750	320679	312000
1999-02-20	302500	286130	302000
1999-02-27	301500	297918	301000
1999-03-06	303750	297325	300000
1999-03-13	302750	289813	308000
1999-03-20	303500	275453	305000
1999-03-27	302750	260817	298000
1999-04-03	305250	263516	310000
1999-04-10	308000	327621	319000
1999-04-17	310250	286018	314000
1999-04-24	308500	263835	291000
1999-05-01	305000	252190	296000
1999-05-08	302750	274268	310000
1999-05-15	299500	251063	301000
1999-05-22	301250	250360	298000
1999-05-29	303000	260517	303000
1999-06-05	301250	256922	303000
1999-06-12	298500	267582	290000
1999-06-19	297000	267825	292000
1999-06-26	294000	269755	291000
1999-07-03	290000	303758	287000
1999-07-10	289500	364078	288000
1999-07-17	293750	369123	309000
1999-07-24	297500	293348	306000
1999-07-31	300750	254195	300000
1999-08-07	302500	259805	295000
1999-08-14	298250	236658	292000
1999-08-21	293250	226061	286000
1999-08-28	290750	219278	290000
1999-09-04	289500	235849	290000
1999-09-11	286750	204302	281000
1999-09-18	285500	219070	281000
1999-09-25	289500	232486	306000
1999-10-02	294250	246445	309000
1999-10-09	296750	278925	291000
1999-10-16	298250	234580	287000
1999-10-23	291750	250864	280000
1999-10-30	285750	257767	285000
1999-11-06	283500	297136	282000
1999-11-13	282000	262607	281000
1999-11-20	281000	309248	276000
1999-11-27	281750	268255	288000
1999-12-04	283000	378735	287000
1999-12-11	280750	318175	272000
1999-12-18	283500	329649	287000
1999-12-25	278500	377695	268000
2000-01-01	278250	439912	286000
2000-01-08	284750	606897	298000
2000-01-15	285250	442494	289000
2000-01-22	289250	328841	284000
2000-01-29	289000	332740	285000
2000-02-05	292500	365245	312000
2000-02-12	295250	311897	300000
2000-02-19	295000	281256	283000
2000-02-26	293750	258962	280000
2000-03-04	287250	283024	286000
2000-03-11	279750	255109	270000
2000-03-18	276750	242139	271000
2000-03-25	274750	239835	272000
2000-04-01	269750	229520	266000
2000-04-08	269250	274130	268000
2000-04-15	266250	237218	259000
2000-04-22	266750	240266	274000
2000-04-29	273000	249458	291000
2000-05-06	279250	259546	293000
2000-05-13	283500	231706	276000
2000-05-20	285000	234599	280000
2000-05-27	282250	239836	280000
2000-06-03	281500	242991	290000
2000-06-10	283500	267752	284000
2000-06-17	287000	265617	294000
2000-06-24	291000	273344	296000
2000-07-01	288750	280979	281000
2000-07-08	291000	363793	293000
2000-07-15	293250	377982	303000
2000-07-22	294250	296255	300000
2000-07-29	298500	253466	298000
2000-08-05	301750	266151	306000
2000-08-12	304750	261358	315000
2000-08-19	309250	251844	318000
2000-08-26	312750	239030	312000
2000-09-02	311500	242375	301000
2000-09-09	310000	229954	309000
2000-09-16	308250	245991	311000
2000-09-23	302250	222219	288000
2000-09-30	300000	227249	292000
2000-10-07	300000	292784	309000
2000-10-14	297000	255082	299000
2000-10-21	298750	263445	295000
2000-10-28	301000	269489	301000
2000-11-04	306500	342414	331000
2000-11-11	311250	294727	318000
2000-11-18	320500	374160	332000
2000-11-25	334250	321859	356000
2000-12-02	336000	447262	338000
2000-12-09	336750	390088	321000
2000-12-16	342250	402476	354000
2000-12-23	344250	481720	364000
2000-12-30	348000	568973	353000
2001-01-06	352000	558768	337000
2001-01-13	343000	599562	318000
2001-01-20	337750	398188	343000
2001-01-27	340000	447386	362000
2001-02-03	349750	424696	376000
2001-02-10	361500	396151	365000
2001-02-17	365250	345841	358000
2001-02-24	371250	357591	386000
2001-03-03	373250	379286	384000
2001-03-10	380250	377210	393000
2001-03-17	389000	351497	393000
2001-03-24	387000	334747	378000
2001-03-31	388000	328576	388000
2001-04-07	389250	397282	398000
2001-04-14	386750	346981	383000
2001-04-21	392250	369745	400000
2001-04-28	396750	353831	406000
2001-05-05	392500	336319	381000
2001-05-12	394250	331765	390000
2001-05-19	394750	338374	402000
2001-05-26	394500	346231	405000
2001-06-02	400750	335765	406000
2001-06-09	406000	397015	411000
2001-06-16	404000	354526	394000
2001-06-23	398000	351770	381000
2001-06-30	395000	375885	394000
2001-07-07	392500	526826	401000
2001-07-14	395250	524139	405000
2001-07-21	399500	406038	398000
2001-07-28	398000	332957	388000
2001-08-04	398000	341660	401000
2001-08-11	395250	333042	394000
2001-08-18	396250	317046	402000
2001-08-25	398000	307850	395000
2001-09-01	398250	319016	402000
2001-09-08	401750	309567	408000
2001-09-15	400000	317245	395000
2001-09-22	414500	353611	453000
2001-09-29	443250	400400	517000
2001-10-06	460250	441754	476000
2001-10-13	482000	426881	482000
2001-10-20	489250	429542	482000
2001-10-27	480750	436901	483000
2001-11-03	471750	443971	440000
2001-11-10	458250	456366	428000
2001-11-17	445500	420259	431000
2001-11-24	447500	438893	491000
2001-12-01	453750	605916	465000
2001-12-08	445000	491836	393000
2001-12-15	434500	440906	389000
2001-12-22	415750	529570	416000
2001-12-29	404750	647045	421000
2002-01-05	405750	637343	397000
2002-01-12	413000	799246	418000
2002-01-19	410250	558297	405000
2002-01-26	408500	431690	414000
2002-02-02	410250	445552	404000
2002-02-09	405000	438611	397000
2002-02-16	403000	376573	397000
2002-02-23	399000	367504	398000
2002-03-02	396000	385272	392000
2002-03-09	396500	386992	399000
2002-03-16	395250	352045	392000
2002-03-23	399500	366372	415000
2002-03-30	421250	386296	479000
2002-04-06	432750	432384	445000
2002-04-13	445250	428834	442000
2002-04-20	445500	385151	416000
2002-04-27	429250	367350	414000
2002-05-04	420250	362681	409000
2002-05-11	413000	358286	413000
2002-05-18	411750	348887	411000
2002-05-25	409000	346439	403000
2002-06-01	401250	309183	378000
2002-06-08	395000	378613	388000
2002-06-15	391250	356096	396000
2002-06-22	387500	358959	388000
2002-06-29	389500	358658	386000
2002-07-06	390250	456716	391000
2002-07-13	387250	506718	384000
2002-07-20	385000	394586	379000
2002-07-27	386000	338441	390000
2002-08-03	385250	326356	388000
2002-08-10	386500	332673	389000
2002-08-17	391500	313869	399000
2002-08-24	393500	314852	398000
2002-08-31	395000	310864	394000
2002-09-07	401750	318361	416000
2002-09-14	405000	337577	412000
2002-09-21	405750	317264	401000
2002-09-28	409500	319063	409000
2002-10-05	406500	365613	404000
2002-10-12	404750	385689	405000
2002-10-19	407500	349927	412000
2002-10-26	407500	375591	409000
2002-11-02	407750	397346	405000
2002-11-09	406500	427078	400000
2002-11-16	400750	372829	389000
2002-11-23	396000	436549	390000
2002-11-30	389000	385788	377000
2002-12-07	395250	547430	425000
2002-12-14	405250	486258	429000
2002-12-21	406250	483449	394000
2002-12-28	414250	620929	409000
2003-01-04	406250	620004	393000
2003-01-11	393500	724111	378000
2003-01-18	395500	542563	402000
2003-01-25	395000	434888	407000
2003-02-01	400000	449286	413000
2003-02-08	403000	439520	390000
2003-02-15	407500	398291	420000
2003-02-22	411000	387536	421000
2003-03-01	416750	429782	436000
2003-03-08	425250	414568	424000
2003-03-15	427750	389909	430000
2003-03-22	425250	361492	411000
2003-03-29	425250	371692	436000
2003-04-05	423500	394160	417000
2003-04-12	424500	434911	434000
2003-04-19	434250	399180	450000
2003-04-26	436250	401342	444000
2003-05-03	439000	377383	428000
2003-05-10	434750	364287	417000
2003-05-17	428500	362276	425000
2003-05-24	422250	359500	419000
2003-05-31	423000	351890	431000
2003-06-07	426000	421190	429000
2003-06-14	425000	383371	421000
2003-06-21	422250	376560	408000
2003-06-28	421750	394214	429000
2003-07-05	422750	483401	433000
2003-07-12	420500	552621	412000
2003-07-19	419250	429381	403000
2003-07-26	411500	348382	398000
2003-08-02	403500	333770	401000
2003-08-09	401500	348207	404000
2003-08-16	400250	312087	398000
2003-08-23	398500	313058	391000
2003-08-30	400000	319362	407000
2003-09-06	404500	322501	422000
2003-09-13	403500	328414	394000
2003-09-20	400500	301217	379000
2003-09-27	395500	304968	387000
2003-10-04	386500	337880	386000
2003-10-11	382000	368876	376000
2003-10-18	384000	328572	387000
2003-10-25	382000	352117	379000
2003-11-01	376250	345573	363000
2003-11-08	375000	397387	371000
2003-11-15	370750	347719	370000
2003-11-22	364500	397990	354000
2003-11-29	363000	357811	357000
2003-12-06	362000	486202	367000
2003-12-13	360250	412627	363000
2003-12-20	360250	424192	354000
2003-12-27	358250	516493	349000
2004-01-03	355500	552815	356000
2004-01-10	353250	677897	354000
2004-01-17	355250	490763	362000
2004-01-24	356250	382262	353000
2004-01-31	361250	406298	376000
2004-02-07	367750	433234	380000
2004-02-14	366250	341634	356000
2004-02-21	367750	328171	359000
2004-02-28	360750	342140	348000
2004-03-06	351750	339007	344000
2004-03-13	347250	312067	338000
2004-03-20	344000	304462	346000
2004-03-27	342000	296776	340000
2004-04-03	339750	304249	335000
2004-04-10	344000	350739	355000
2004-04-17	348500	334965	364000
2004-04-24	348250	313686	339000
2004-05-01	345500	283236	324000
2004-05-08	339000	292754	329000
2004-05-15	335250	297061	349000
2004-05-22	336000	293974	342000
2004-05-29	339250	304067	337000
2004-06-05	345750	308229	355000
2004-06-12	343250	313930	339000
2004-06-19	346250	322481	354000
2004-06-26	349000	318746	348000
2004-07-03	341750	349920	326000
2004-07-10	343250	444531	345000
2004-07-17	343500	394372	355000
2004-07-24	343500	313225	348000
2004-07-31	347250	282128	341000
2004-08-07	345000	291611	336000
2004-08-14	339250	262936	332000
2004-08-21	338000	274433	343000
2004-08-28	340750	276308	352000
2004-09-04	338250	274930	326000
2004-09-11	338000	250568	331000
2004-09-18	337500	275846	341000
2004-09-25	337250	282729	351000
2004-10-02	339500	279591	335000
2004-10-09	341250	338711	338000
2004-10-16	337750	279846	327000
2004-10-23	334500	317573	338000
2004-10-30	333750	305546	332000
2004-11-06	331750	351404	330000
2004-11-13	334250	311901	337000
2004-11-20	328000	355954	313000
2004-11-27	328750	320690	335000
2004-12-04	332000	473570	343000
2004-12-11	326750	370604	316000
2004-12-18	329000	374749	322000
2004-12-25	325250	446699	320000
2005-01-01	328500	540927	356000
2005-01-08	341750	693776	369000
2005-01-15	344250	467862	332000
2005-01-22	346500	360583	329000
2005-01-29	340250	364704	331000
2005-02-05	324750	347391	307000
2005-02-12	318750	309290	308000
2005-02-19	316000	303814	318000
2005-02-26	311750	290776	314000
2005-03-05	318250	332067	333000
2005-03-12	322250	307061	324000
2005-03-19	325000	290719	329000
2005-03-26	332000	291378	342000
2005-04-02	332500	294994	335000
2005-04-09	332250	339709	323000
2005-04-16	326750	285657	307000
2005-04-23	320500	299891	317000
2005-04-30	320250	290824	334000
2005-05-07	321250	297347	327000
2005-05-14	324750	275524	321000
2005-05-21	325500	276761	320000
2005-05-28	327000	304306	340000
2005-06-04	329750	289914	338000
2005-06-11	332750	315938	333000
2005-06-18	333000	289831	321000
2005-06-25	325750	286681	311000
2005-07-02	323000	327268	327000
2005-07-09	324250	427323	338000
2005-07-16	324750	374665	323000
2005-07-23	326500	295026	318000
2005-07-30	323750	261906	316000
2005-08-06	317000	269746	311000
2005-08-13	316000	257151	319000
2005-08-20	315250	252016	315000
2005-08-27	315750	251642	318000
2005-09-03	319500	271613	326000
2005-09-10	345250	322387	422000
2005-09-17	372500	346204	424000
2005-09-24	382750	292435	359000
2005-10-01	397250	313847	384000
2005-10-08	387500	380093	383000
2005-10-15	368500	303158	348000
2005-10-22	359750	304733	324000
2005-10-29	344250	294376	322000
2005-11-05	329750	340491	325000
2005-11-12	320000	283564	309000
2005-11-19	320000	368859	324000
2005-11-26	317250	290730	311000
2005-12-03	316250	444600	321000
2005-12-10	320750	391961	327000
2005-12-17	317750	359108	312000
2005-12-24	320000	433397	320000
2005-12-31	315250	475889	302000
2006-01-07	315000	555114	326000
2006-01-14	308250	439873	285000
2006-01-21	300750	317926	290000
2006-01-28	295750	318805	282000
2006-02-04	286500	321527	289000
2006-02-11	289750	310078	298000
2006-02-18	288000	269571	283000
2006-02-25	290750	272478	293000
2006-03-04	294000	301867	302000
2006-03-11	296250	294764	307000
2006-03-18	301250	269237	303000
2006-03-25	301750	265370	295000
2006-04-01	299000	253985	291000
2006-04-08	297000	314696	299000
2006-04-15	296000	268472	299000
2006-04-22	299250	291349	308000
2006-04-29	306750	279715	321000
2006-05-06	318750	317239	347000
2006-05-13	327750	288972	335000
2006-05-20	330500	277168	319000
2006-05-27	332750	292714	330000
2006-06-03	322750	260263	307000
2006-06-10	313500	285892	298000
2006-06-17	310750	277441	308000
2006-06-24	305500	287503	309000
2006-07-01	307750	304638	316000
2006-07-08	319000	418363	343000
2006-07-15	321500	377115	318000
2006-07-22	320750	288875	306000
2006-07-29	319500	259974	311000
2006-08-05	313250	275430	318000
2006-08-12	311250	256259	310000
2006-08-19	313500	252357	315000
2006-08-26	314250	251275	314000
2006-09-02	313500	259539	315000
2006-09-09	314500	240231	314000
2006-09-16	316750	267036	324000
2006-09-23	318000	261396	319000
2006-09-30	316500	249288	309000
2006-10-07	317000	307646	316000
2006-10-14	312250	271863	305000
2006-10-21	310750	291372	313000
2006-10-28	315500	301079	328000
2006-11-04	316250	326711	319000
2006-11-11	317750	286151	311000
2006-11-18	321000	367690	326000
2006-11-25	326250	323509	349000
2006-12-02	328250	448898	327000
2006-12-09	328250	384123	311000
2006-12-16	326250	361672	318000
2006-12-23	319750	425357	323000
2006-12-30	323250	499979	341000
2007-01-06	328000	506059	330000
2007-01-13	322500	506709	296000
2007-01-20	325500	367583	335000
2007-01-27	317250	359959	308000
2007-02-03	312250	339018	310000
2007-02-10	322750	363018	338000
2007-02-17	319250	305945	321000
2007-02-24	322750	299000	322000
2007-03-03	325250	320194	320000
2007-03-10	317750	298927	308000
2007-03-17	314750	277187	309000
2007-03-24	310000	273432	303000
2007-03-31	306750	268218	307000
2007-04-07	312750	328266	332000
2007-04-14	317250	317917	327000
2007-04-21	321750	303984	321000
2007-04-28	320250	267672	301000
2007-05-05	312250	274801	300000
2007-05-12	304750	258516	297000
2007-05-19	302000	270446	310000
2007-05-26	304250	273397	310000
2007-06-02	307500	263527	313000
2007-06-09	311500	302368	313000
2007-06-16	314000	290951	320000
2007-06-23	314750	292583	313000
2007-06-30	315750	300348	317000
2007-07-07	317750	417554	321000
2007-07-14	317000	383839	317000
2007-07-21	316250	298366	310000
2007-07-28	313250	257426	305000
2007-08-04	311500	270563	314000
2007-08-11	311250	266420	316000
2007-08-18	314000	257573	321000
2007-08-25	320000	266179	329000
2007-09-01	320000	257454	314000
2007-09-08	321250	245526	321000
2007-09-15	319250	261971	313000
2007-09-22	312500	247643	302000
2007-09-29	313250	255431	317000
2007-10-06	312000	298317	316000
2007-10-13	317500	306519	335000
2007-10-20	325500	307675	334000
2007-10-27	328250	303357	328000
2007-11-03	331000	325831	327000
2007-11-10	330500	351760	333000
2007-11-17	330000	323124	332000
2007-11-24	336000	324047	352000
2007-12-01	340250	462902	344000
2007-12-08	340000	423130	332000
2007-12-15	344500	393042	350000
2007-12-22	345250	456280	355000
2007-12-29	349250	507908	360000
2008-01-05	352750	522700	346000
2008-01-12	345750	547943	322000
2008-01-19	337250	415397	321000
2008-01-26	338750	369498	366000
2008-02-02	339750	380234	350000
2008-02-09	345250	377595	344000
2008-02-16	349750	325886	339000
2008-02-23	346750	330013	354000
2008-03-01	345500	345287	345000
2008-03-08	346500	341364	348000
2008-03-15	354000	335909	369000
2008-03-22	357500	316208	368000
2008-03-29	368000	342189	387000
2008-04-05	369500	357209	354000
2008-04-12	368500	370960	365000
2008-04-19	363750	328334	349000
2008-04-26	359500	337854	370000
2008-05-03	363500	335533	370000
2008-05-10	363750	325479	366000
2008-05-17	368250	319817	367000
2008-05-24	368000	326627	369000
2008-05-31	366000	300989	362000
2008-06-07	370000	373033	382000
2008-06-14	372750	349254	378000
2008-06-21	375750	358158	381000
2008-06-28	383250	368544	392000
2008-07-05	380500	401672	371000
2008-07-12	382250	476071	385000
2008-07-19	387500	403607	402000
2008-07-26	398000	374182	434000
2008-08-02	417250	381887	448000
2008-08-09	428500	372807	430000
2008-08-16	434000	342164	424000
2008-08-23	430750	344255	421000
2008-08-30	429250	360485	442000
2008-09-06	432000	336131	441000
2008-09-13	438250	381720	449000
2008-09-20	453750	397610	483000
2008-09-27	464000	392121	483000
2008-10-04	474250	426786	482000
2008-10-11	477250	454100	461000
2008-10-18	476000	416114	478000
2008-10-25	475250	449429	480000
2008-11-01	477250	466373	490000
2008-11-08	490000	539812	512000
2008-11-15	504500	513047	536000
2008-11-22	517500	609128	532000
2008-11-29	527250	537230	529000
2008-12-06	541750	760481	570000
2008-12-13	549250	629867	566000
2008-12-20	563000	719691	587000
2008-12-27	564000	717000	533000
2009-01-03	547250	731958	503000
2009-01-10	543500	956791	551000
2009-01-17	544500	763987	591000
2009-01-24	557750	620143	586000
2009-01-31	589250	682176	629000
2009-02-07	610750	710152	637000
2009-02-14	621000	619951	632000
2009-02-21	638250	605668	655000
2009-02-28	644000	645827	652000
2009-03-07	649750	652635	660000
2009-03-14	654500	601192	651000
2009-03-21	656000	590067	661000
2009-03-28	659250	599299	665000
2009-04-04	657500	623279	653000
2009-04-11	644500	610522	599000
2009-04-18	639000	596564	639000
2009-04-25	627750	583457	620000
2009-05-02	615000	536648	602000
2009-05-09	621500	570412	625000
2009-05-16	616750	540925	620000
2009-05-23	613250	538311	606000
2009-05-30	614500	500380	607000
2009-06-06	607250	581092	596000
2009-06-13	601000	562449	595000
2009-06-20	601500	572425	608000
2009-06-27	598250	563387	594000
2009-07-04	592500	585963	573000
2009-07-11	580250	677038	546000
2009-07-18	568250	590730	560000
2009-07-25	566500	516351	587000
2009-08-01	562000	470988	555000
2009-08-08	564250	486586	555000
2009-08-15	564750	461780	562000
2009-08-22	558000	460998	560000
2009-08-29	560250	460525	564000
2009-09-05	561000	470079	558000
2009-09-12	556000	414557	542000
2009-09-19	550000	441311	536000
2009-09-26	547500	449620	554000
2009-10-03	541250	456233	533000
2009-10-10	533500	513852	511000
2009-10-17	532250	464985	531000
2009-10-24	526250	499374	530000
2009-10-31	523500	487714	522000
2009-11-07	523750	537230	512000
2009-11-14	517750	479350	507000
2009-11-21	505750	547022	482000
2009-11-28	494000	462090	475000
2009-12-05	490250	673097	497000
2009-12-12	488000	561655	498000
2009-12-19	487250	571378	479000
2009-12-26	485500	561852	468000
2010-01-02	475250	651215	456000
2010-01-09	468000	825891	469000
2010-01-16	475000	659173	507000
2010-01-23	475750	507651	471000
2010-01-30	485750	538617	496000
2010-02-06	485000	512463	466000
2010-02-13	480500	482078	489000
2010-02-20	487750	458160	500000
2010-02-27	485750	474662	488000
2010-03-06	487250	462679	472000
2010-03-13	484500	439061	478000
2010-03-20	477500	413067	472000
2010-03-27	470250	412710	459000
2010-04-03	472000	421130	479000
2010-04-10	472250	514136	479000
2010-04-17	471500	436814	469000
2010-04-24	469000	429196	449000
2010-05-01	462000	399350	451000
2010-05-08	455000	414327	451000
2010-05-15	456250	414572	474000
2010-05-22	459750	410778	463000
2010-05-29	461500	418873	458000
2010-06-05	463500	398864	459000
2010-06-12	461750	448305	467000
2010-06-19	459000	427080	452000
2010-06-26	460500	444712	464000
2010-07-03	459250	470366	454000
2010-07-10	452250	515991	439000
2010-07-17	454750	502065	462000
2010-07-24	455000	413679	465000
2010-07-31	460500	402140	476000
2010-08-07	471500	425471	483000
2010-08-14	477500	405484	486000
2010-08-21	477250	384955	464000
2010-08-28	475000	383135	467000
2010-09-04	467250	381863	452000
2010-09-11	456750	341791	444000
2010-09-18	455500	382341	459000
2010-09-25	453500	372551	459000
2010-10-02	452000	373681	446000
2010-10-09	455750	462667	459000
2010-10-16	452000	394016	444000
2010-10-23	445250	408489	432000
2010-10-30	447000	421097	453000
2010-11-06	440750	452657	434000
2010-11-13	437750	409548	432000
2010-11-20	431500	464817	407000
2010-11-27	426250	412922	432000
2010-12-04	424750	585711	428000
2010-12-11	423000	491776	425000
2010-12-18	427250	495548	424000
2010-12-25	420250	525710	404000
2011-01-01	416500	578904	413000
2011-01-08	418750	773499	434000
2011-01-15	418000	549688	421000
2011-01-22	428500	485950	446000
2011-01-29	430250	464775	420000
2011-02-05	422250	440706	402000
2011-02-12	423250	424400	425000
2011-02-19	410250	380985	394000
2011-02-26	401500	353797	385000
2011-03-05	404500	407299	414000
2011-03-12	399250	371721	404000
2011-03-19	402500	354457	407000
2011-03-26	406000	357457	399000
2011-04-02	401250	353817	395000
2011-04-09	404250	448029	416000
2011-04-16	403000	381834	402000
2011-04-23	408750	387867	422000
2011-04-30	427000	415974	468000
2011-05-07	431750	397737	435000
2011-05-14	434750	361573	414000
2011-05-21	435000	376632	423000
2011-05-28	422500	381497	418000
2011-06-04	419500	366816	423000
2011-06-11	419250	400608	413000
2011-06-18	417500	394286	416000
2011-06-25	418250	406633	421000
2011-07-02	417000	425640	418000
2011-07-09	415750	473963	408000
2011-07-16	416750	470086	420000
2011-07-23	414250	369207	411000
2011-07-30	411250	341103	406000
2011-08-06	410500	354408	405000
2011-08-13	407750	346014	409000
2011-08-20	408750	344870	415000
2011-08-27	409500	336761	409000
2011-09-03	411750	348582	414000
2011-09-10	416750	328868	429000
2011-09-17	418500	353820	422000
2011-09-24	417750	328073	406000
2011-10-01	415500	332394	405000
2011-10-08	410750	405906	410000
2011-10-15	404000	357562	395000
2011-10-22	403250	377156	403000
2011-10-29	401750	369647	399000
2011-11-05	397250	402532	392000
2011-11-12	394250	363016	383000
2011-11-19	389750	440157	385000
2011-11-26	389250	372640	397000
2011-12-03	388000	528793	387000
2011-12-10	384250	435863	368000
2011-12-17	380000	421103	368000
2011-12-24	377250	497689	386000
2011-12-31	374500	540057	376000
2012-01-07	398750	646219	391000
2012-01-14	384500	525422	367000
2012-01-21	378750	416880	381000
2012-01-28	377750	422287	372000
2012-02-04	372000	401365	368000
2012-02-11	370500	365014	361000
2012-02-18	365000	346659	359000
2012-02-25	363250	334242	365000
2012-03-03	365000	368433	375000
2012-03-10	367000	340102	369000
2012-03-17	369250	319498	368000
2012-03-24	368750	323373	363000
2012-03-31	364500	315800	358000
2012-04-07	369000	390064	387000
2012-04-14	372250	370482	381000
2012-04-21	378250	370632	387000
2012-04-28	381750	333476	372000
2012-05-05	378250	341080	373000
2012-05-12	375250	325094	369000
2012-05-19	371250	330427	371000
2012-05-26	373500	346260	381000
2012-06-02	374500	324385	377000
2012-06-09	378000	376610	383000
2012-06-16	381250	364548	384000
2012-06-23	381000	370521	380000
2012-06-30	379750	369826	372000
2012-07-07	374000	442192	360000
2012-07-14	375500	455260	390000
2012-07-21	372500	340780	368000
2012-07-28	372500	312931	372000
2012-08-04	375250	320219	371000
2012-08-11	370000	317680	369000
2012-08-18	372000	311857	376000
2012-08-25	373250	312542	377000
2012-09-01	373250	309537	371000
2012-09-08	379250	299729	393000
2012-09-15	383250	330454	392000
2012-09-22	383250	303685	377000
2012-09-29	384500	301046	376000
2012-10-06	373750	329925	350000
2012-10-13	372250	362730	386000
2012-10-20	371500	345227	374000
2012-10-27	368500	339924	364000
2012-11-03	372250	361823	365000
2012-11-10	387250	478551	446000
2012-11-17	395250	403636	406000
2012-11-24	401250	358865	388000
2012-12-01	403750	500163	375000
2012-12-08	377250	429191	340000
2012-12-15	364750	401431	356000
2012-12-22	358250	457584	362000
2012-12-29	355000	490126	362000
2013-01-05	369750	557424	363000
2013-01-12	363750	558047	344000
2013-01-19	352000	437360	339000
2013-01-26	353000	369567	366000
2013-02-02	352500	388708	361000
2013-02-09	353250	361759	347000
2013-02-16	359000	351087	362000
2013-02-23	353000	310512	342000
2013-03-02	347750	335794	340000
2013-03-09	346750	317661	343000
2013-03-16	342000	301471	343000
2013-03-23	346000	316133	358000
2013-03-30	354750	317494	375000
2013-04-06	358750	356935	359000
2013-04-13	362000	359415	356000
2013-04-20	358250	326264	343000
2013-04-27	347250	301622	331000
2013-05-04	341250	301602	335000
2013-05-11	342250	320253	360000
2013-05-18	342250	303357	343000
2013-05-25	347750	319508	353000
2013-06-01	350500	294608	346000
2013-06-08	344750	332964	337000
2013-06-15	347250	336970	353000
2013-06-22	345750	336901	347000
2013-06-29	344250	335424	340000
2013-07-06	347750	383811	351000
2013-07-13	345500	410974	344000
2013-07-20	347500	340457	355000
2013-07-27	346000	281692	334000
2013-08-03	343000	288861	339000
2013-08-10	338750	282756	327000
2013-08-17	335000	281164	340000
2013-08-24	335500	279803	336000
2013-08-31	332000	269359	325000
2013-09-07	325250	229648	300000
2013-09-14	321000	272946	323000
2013-09-21	315500	255087	314000
2013-09-28	314000	252196	319000
2013-10-05	331000	335937	368000
2013-10-12	342250	360957	368000
2013-10-19	351500	312037	351000
2013-10-26	358500	325326	347000
2013-11-02	352000	331867	342000
2013-11-09	345000	364167	340000
2013-11-16	340000	327053	331000
2013-11-23	332250	369197	316000
2013-11-30	324750	321896	312000
2013-12-07	328250	463413	354000
2013-12-14	336500	414613	364000
2013-12-21	341000	418272	334000
2013-12-28	346000	452664	332000
2014-01-04	338000	488537	322000
2014-01-11	326000	534966	316000
2014-01-18	323500	416116	324000
2014-01-25	326250	357806	343000
2014-02-01	329250	357742	334000
2014-02-08	335250	360338	340000
2014-02-15	337750	322761	334000
2014-02-22	337500	312665	342000
2014-03-01	334250	317832	321000
2014-03-08	330500	302311	325000
2014-03-15	327500	285970	322000
2014-03-22	320500	274072	314000
2014-03-29	323250	294862	332000
2014-04-05	320250	299162	313000
2014-04-12	317250	318793	310000
2014-04-19	321000	299182	329000
2014-04-26	324000	318127	344000
2014-05-03	327000	288748	325000
2014-05-10	325250	270738	303000
2014-05-17	324500	287398	326000
2014-05-24	315000	275412	306000
2014-05-31	312000	264133	313000
2014-06-07	315750	313371	318000
2014-06-14	312750	301195	314000
2014-06-21	315250	305029	316000
2014-06-28	314500	305791	310000
2014-07-05	310750	322753	303000
2014-07-12	308750	370559	306000
2014-07-19	303500	287049	295000
2014-07-26	301750	257625	303000
2014-08-02	299750	247877	295000
2014-08-09	300500	269468	309000
2014-08-16	302250	249463	302000
2014-08-23	301250	249006	299000
2014-08-30	302750	249780	301000
2014-09-06	302000	234755	306000
2014-09-13	298250	242318	287000
2014-09-20	296750	239780	293000
2014-09-27	293750	227571	289000
2014-10-04	290250	257545	292000
2014-10-11	288250	273756	279000
2014-10-18	287500	256166	290000
2014-10-25	287750	271331	290000
2014-11-01	284750	266921	280000
2014-11-08	287500	309338	290000
2014-11-15	288250	286115	293000
2014-11-22	292000	357202	305000
2014-11-29	295000	294389	292000
2014-12-06	294750	389284	289000
2014-12-13	293000	327827	286000
2014-12-20	285500	340827	275000
2014-12-27	284000	389757	286000
2015-01-03	285000	439342	293000
2015-01-10	288750	529685	301000
2015-01-17	294250	383538	297000
2015-01-24	288250	281885	262000
2015-01-31	286750	306643	287000
2015-02-07	286750	324158	301000
2015-02-14	284250	277904	287000
2015-02-21	295250	280639	306000
2015-02-28	303000	315566	318000
2015-03-07	301750	277925	296000
2015-03-14	302750	260242	291000
2015-03-21	297750	248032	286000
2015-03-28	285500	239748	269000
2015-04-04	283250	253533	287000
2015-04-11	284750	308173	297000
2015-04-18	287250	279797	296000
2015-04-25	287000	250780	268000
2015-05-02	282500	236421	269000
2015-05-09	275750	242882	270000
2015-05-16	271250	243612	278000
2015-05-23	274750	253454	282000
2015-05-30	276500	230676	276000
2015-06-06	279000	275619	280000
2015-06-13	276500	258764	268000
2015-06-20	275000	263199	276000
2015-06-27	275250	274646	277000
2015-07-04	278500	303585	293000
2015-07-11	282000	344471	282000
2015-07-18	279250	262949	265000
2015-07-25	276750	230314	267000
2015-08-01	271000	224104	270000
2015-08-08	268750	239326	273000
2015-08-15	271750	229251	277000
2015-08-22	273250	226649	273000
2015-08-29	275250	230079	278000
2015-09-05	274250	232507	269000
2015-09-12	270500	198903	262000
2015-09-19	269000	219342	267000
2015-09-26	267250	215116	271000
2015-10-03	266500	227176	266000
2015-10-10	266750	256522	263000
2015-10-17	266000	232860	264000
2015-10-24	264000	245365	263000
2015-10-31	266000	258440	274000
2015-11-07	268750	291098	274000
2015-11-14	271500	264816	275000
2015-11-21	271000	305424	261000
2015-11-28	269000	262628	266000
2015-12-05	270500	384491	280000
2015-12-12	269000	313276	269000
2015-12-19	268750	319641	260000
2015-12-26	271500	346542	277000
2016-01-02	270000	405368	274000
2016-01-09	272250	502904	278000
2016-01-16	280000	378747	291000
2016-01-23	277500	295936	267000
2016-01-30	281750	311940	291000
2016-02-06	279250	290796	268000
2016-02-13	273500	258380	268000
2016-02-20	274750	248870	272000
2016-02-27	269750	265802	271000
2016-03-05	268000	247628	261000
2016-03-12	267000	236888	264000
2016-03-19	265750	230882	267000
2016-03-26	266500	235716	274000
2016-04-02	270250	245035	276000
2016-04-09	269500	270419	261000
2016-04-16	267000	242400	257000
2016-04-23	263000	245040	258000
2016-04-30	264000	243392	280000
2016-05-07	270750	261899	288000
2016-05-14	276750	244869	281000
2016-05-21	279500	240798	269000
2016-05-28	275750	246740	265000
2016-06-04	270500	232300	267000
2016-06-11	268500	266277	273000
2016-06-18	267000	247968	263000
2016-06-25	267000	263662	265000
2016-07-02	264750	267437	258000
2016-07-09	259750	298673	253000
2016-07-16	259000	268526	260000
2016-07-23	258250	231925	262000
2016-07-30	260500	219202	267000
2016-08-06	263000	231542	263000
2016-08-13	263750	219570	263000
2016-08-20	263750	217011	262000
2016-08-27	262000	215688	260000
2016-09-03	259500	217715	253000
2016-09-10	255750	193291	248000
2016-09-17	252500	205649	249000
2016-09-24	248750	198455	245000
2016-10-01	246750	200456	245000
2016-10-08	246500	238581	247000
2016-10-15	250000	233633	263000
2016-10-22	252500	237314	255000
2016-10-29	257250	245751	264000
2016-11-05	257750	258608	249000
2016-11-12	250750	223770	235000
2016-11-19	249000	287794	248000
2016-11-26	248500	249774	262000
2016-12-03	249250	351580	252000
2016-12-10	253750	305268	253000
2016-12-17	257500	315068	263000
2016-12-24	255500	343213	254000
2016-12-31	252000	350561	238000
2017-01-07	248250	414742	238000
2017-01-14	244250	352799	247000
2017-01-21	243500	284030	251000
2017-01-28	247500	280983	254000
2017-02-04	247250	259713	237000
2017-02-11	248250	245886	251000
2017-02-18	247000	239322	246000
2017-02-25	242250	212829	235000
2017-03-04	245750	243959	251000
2017-03-11	244750	222227	247000
2017-03-18	248000	224693	259000
2017-03-25	252500	228269	253000
2017-04-01	250000	208347	241000
2017-04-08	247250	239823	236000
2017-04-15	244250	225864	247000
2017-04-22	244000	241611	252000
2017-04-29	244250	210955	242000
2017-05-06	244500	215040	237000
2017-05-13	242250	206905	238000
2017-05-20	238500	210544	237000
2017-05-27	241250	232138	253000
2017-06-03	243500	212696	246000
2017-06-10	244000	234652	240000
2017-06-17	245750	228883	244000
2017-06-24	243250	239635	243000
2017-07-01	244500	252886	251000
2017-07-08	245500	284329	244000
2017-07-15	244250	257763	239000
2017-07-22	244000	220455	242000
2017-07-29	242000	198776	243000
2017-08-05	241500	211924	242000
2017-08-12	240750	198280	236000
2017-08-19	239500	195130	237000
2017-08-26	238250	196227	238000
2017-09-02	251000	250627	293000
2017-09-09	258750	211923	267000
2017-09-16	263250	212313	255000
2017-09-23	268250	212987	258000
2017-09-30	258500	204180	254000
2017-10-07	252000	229241	241000
2017-10-14	245750	205592	230000
2017-10-21	239750	216004	234000
2017-10-28	234750	215977	234000
2017-11-04	233750	242111	237000
2017-11-11	238750	236654	250000
2017-11-18	240000	275004	239000
2017-11-25	241250	224851	239000
2017-12-02	240750	325988	235000
2017-12-09	235500	282009	229000
2017-12-16	236250	287396	242000
2017-12-23	237000	324958	242000
2017-12-30	240250	351348	248000
2018-01-06	244750	403619	247000
2018-01-13	240750	354050	226000
2018-01-20	237500	260070	229000
2018-01-27	234000	267766	234000
2018-02-03	228000	242962	223000
2018-02-10	230000	232805	234000
2018-02-17	227250	212213	218000
2018-02-24	223000	195931	217000
2018-03-03	224750	225513	230000
2018-03-10	222750	204862	226000
2018-03-17	225000	198591	227000
2018-03-24	225250	195375	218000
2018-03-31	228250	200996	242000
2018-04-07	230000	231725	233000
2018-04-14	231500	226090	233000
2018-04-21	229250	200139	209000
2018-04-28	221500	186451	211000
2018-05-05	216000	190262	211000
2018-05-12	213500	195214	223000
2018-05-19	219750	207043	234000
2018-05-26	222750	202846	223000
2018-06-02	225500	191523	222000
2018-06-09	225000	217289	221000
2018-06-16	221000	206023	218000
2018-06-23	222250	222766	228000
2018-06-30	224500	231072	231000
